998496-99999 201501010600 1018.3 0.0 
998496-99999 201501020600 1021.2 0.0 
998496-99999 201501030600 1022.1 0.0 
998496-99999 201501040600 1026.2 0.0 
998496-99999 201501050600 1028.9 0.0 
998496-99999 201501060600 1024.5 0.0 
998496-99999 201501070600 1022.6 0.0 
998496-99999 201501080600 1018.5 0.0 
998496-99999 201501090600 1016.0 0.0 
998496-99999 201501100600 1016.0 0.0 
998496-99999 201501110600 1016.2 0.0 
998496-99999 201501120600 1021.6 0.0 
998496-99999 201501130600 1022.7 0.0 
998496-99999 201501140600 1020.7 0.0 
998496-99999 201501150600 1025.4 0.0 
998496-99999 201501160600 1025.0 0.0 
998496-99999 201501170600 1025.1 0.0 
998496-99999 201501180600 1025.1 0.0 
998496-99999 201501190600 1024.7 0.0 
998496-99999 201501200600 1022.1 0.0 
998496-99999 201501210600 1018.3 0.0 
998496-99999 201501220600 1021.3 0.0 
998496-99999 201501230600 1026.9 0.0 
998496-99999 201501240600 1024.6 0.0 
998496-99999 201501250600 1020.2 0.0 
998496-99999 201501260600 1017.3 0.0 
998496-99999 201501270600 1014.9 0.0 
998496-99999 201501280600 1024.4 0.0 
998496-99999 201501290600 1021.6 0.0 
998496-99999 201501300600 1018.1 0.0 
998496-99999 201501310600 1013.5 0.0 
998496-99999 201502010600 1016.9 0.0 
998496-99999 201502020600 1021.1 0.0 
998496-99999 201502030600 1019.9 0.0 
998496-99999 201502040600 1017.9 0.0 
998496-99999 201502050600 1017.7 0.0 
998496-99999 201502060600 1013.9 0.0 
998496-99999 201502070600 1011.3 0.0 
998496-99999 201502080600 1018.2 0.0 
998496-99999 201502090600 1015.2 0.0 
998496-99999 201502100600 1023.9 0.0 
998496-99999 201502110600 1020.4 0.0 
998496-99999 201502120600 1022.0 0.0 
998496-99999 201502130600 1020.8 0.0 
998496-99999 201502140600 1018.4 0.0 
998496-99999 201502150600 1017.1 0.0 
998496-99999 201502160600 1015.3 0.0 
998496-99999 201502170600 1017.0 0.0 
998496-99999 201502180600 1021.8 0.0 
998496-99999 201502190600 1021.4 0.0 
998496-99999 201502200600 1019.2 0.0 
998496-99999 201502220600 1010.7 0.0 
998496-99999 201502230600 1012.0 0.0 
998496-99999 201502240600 1023.0 0.0 
998496-99999 201502250600 1026.1 0.0 
998496-99999 201502260600 1019.1 0.0 
998496-99999 201502270600 1013.5 0.0 
998496-99999 201502280600 1007.8 0.0 
998496-99999 201503010600 1012.6 0.0 
998496-99999 201503020600 1013.6 0.0 
998496-99999 201503030600 1014.5 0.0 
998496-99999 201503040600 1016.4 0.0 
998496-99999 201503050600 1023.0 0.0 
998496-99999 201503060600 1025.7 0.0 
998496-99999 201503070600 1021.2 0.0 
998496-99999 201503080600 1017.8 0.0 
998496-99999 201503090600 1017.8 0.0 
998496-99999 201503100600 1014.4 0.0 
998496-99999 201503110600 1015.5 0.0 
998496-99999 201503120600 1024.4 0.0 
998496-99999 201503130600 1021.6 0.0 
998496-99999 201503140600 1020.1 0.0 
998496-99999 201503150600 1016.4 0.0 
998496-99999 201503160600 1017.4 0.0 
998496-99999 201503170600 1017.1 0.0 
998496-99999 201503180600 1018.4 0.0 
998496-99999 201503190600 1017.8 0.0 
998496-99999 201503200600 1018.1 0.0 
998496-99999 201503210600 1021.5 0.0 
998496-99999 201503220600 1020.6 0.0 
998496-99999 201503230600 1022.3 0.0 
998496-99999 201503240600 1026.4 0.0 
998496-99999 201503250600 1024.5 0.0 
998496-99999 201503260600 1021.6 0.0 
998496-99999 201503270600 1019.3 0.0 
998496-99999 201503280600 1021.4 0.0 
998496-99999 201503290600 1019.5 0.0 
998496-99999 201503300600 1017.4 0.0 
998496-99999 201503310600 1018.3 0.0 
998496-99999 201504010600 1022.1 0.0 
998496-99999 201504020600 1019.1 0.0 
998496-99999 201504030600 1021.8 0.0 
998496-99999 201504040600 1020.0 0.0 
998496-99999 201504050600 1015.1 0.0 
998496-99999 201504060600 1013.8 0.0 
998496-99999 201504070600 1010.7 0.0 
998496-99999 201504080600 1017.2 0.0 
998496-99999 201504090600 1019.2 0.0 
998496-99999 201504100600 1015.2 0.0 
998496-99999 201504110600 1017.8 0.0 
998496-99999 201504120600 1017.2 0.0 
998496-99999 201504130600 1016.4 0.0 
998496-99999 201504140600 1020.9 0.0 
998496-99999 201504150600 1024.5 0.0 
998496-99999 201504160600 1017.1 0.0 
998496-99999 201504170600 1017.4 0.0 
998496-99999 201504180600 1018.2 0.0 
998496-99999 201504190600 1014.2 0.0 
998496-99999 201504200600 1012.6 0.0 
998496-99999 201504210600 1011.5 0.0 
998496-99999 201504220600 1011.3 0.0 
998496-99999 201504230600 1012.0 0.0 
998496-99999 201504240600 1011.8 0.0 
998496-99999 201504250600 1015.0 0.0 
998496-99999 201504260600 1017.4 0.0 
998496-99999 201504270600 1018.6 0.0 
998496-99999 201504280600 1016.9 0.0 
998496-99999 201504290600 1016.6 0.0 
998496-99999 201504300600 1012.6 0.0 
998496-99999 201505010600 1009.8 0.0 
998496-99999 201505020600 1013.0 0.0 
998496-99999 201505030600 1012.3 0.0 
998496-99999 201505040600 1013.4 0.0 
998496-99999 201401010600 1022.0 0.0 
998496-99999 201401020600 1021.1 0.0 
998496-99999 201401030600 1017.9 0.0 
998496-99999 201401040600 1015.5 0.0 
998496-99999 201401050600 1017.9 0.0 
998496-99999 201401060600 1022.5 0.0 
998496-99999 201401070600 1021.8 0.0 
998496-99999 201401080600 1022.5 0.0 
998496-99999 201401090600 1022.8 0.0 
998496-99999 201401100600 1024.4 0.0 
998496-99999 201401110600 1023.1 0.0 
998496-99999 201401120600 1025.6 0.0 
998496-99999 201401130600 1027.4 0.0 
998496-99999 201401140600 1029.3 0.0 
998496-99999 201401150600 1027.0 0.0 
998496-99999 201401160600 1022.9 0.0 
998496-99999 201401170600 1020.6 0.0 
998496-99999 201401180600 1020.4 0.0 
998496-99999 201401190600 1018.6 0.0 
998496-99999 201401200600 1019.8 0.0 
998496-99999 201401210600 1023.1 0.0 
998496-99999 201401220600 1022.1 0.0 
998496-99999 201401230600 1013.7 0.0 
998496-99999 201401240600 1015.1 0.0 
998496-99999 201401250600 1024.3 0.0 
998496-99999 201401260600 1020.4 0.0 
998496-99999 201401270600 1019.0 0.0 
998496-99999 201401280600 1022.1 0.0 
998496-99999 201401290600 1023.1 0.0 
998496-99999 201401300600 1015.9 0.0 
998496-99999 201401310600 1012.8 0.0 
998496-99999 201402010600 1018.5 0.0 
998496-99999 201402020600 1018.8 0.0 
998496-99999 201402030600 1014.4 0.0 
998496-99999 201402040600 1017.9 0.0 
998496-99999 201402050600 1021.0 0.0 
998496-99999 201402060600 1018.9 0.0 
998496-99999 201402070600 1016.1 0.0 
998496-99999 201402080600 1017.3 0.0 
998496-99999 201402090600 1021.1 0.0 
998496-99999 201402100600 1018.8 0.0 
998496-99999 201402110600 1023.7 0.0 
998496-99999 201402120600 1023.2 0.0 
998496-99999 201402130600 1023.0 0.0 
998496-99999 201402140600 1020.0 0.0 
998496-99999 201402150600 1018.5 0.0 
998496-99999 201402160600 1017.1 0.0 
998496-99999 201402170600 1021.3 0.0 
998496-99999 201402180600 1021.9 0.0 
998496-99999 201402190600 1019.6 0.0 
998496-99999 201402200600 1022.5 0.0 
998496-99999 201402210600 1020.2 0.0 
998496-99999 201402220600 1015.9 0.0 
998496-99999 201402230600 1015.2 0.0 
998496-99999 201402240600 1015.5 0.0 
998496-99999 201402250600 1014.4 0.0 
998496-99999 201402260600 1013.5 0.0 
998496-99999 201402270600 1006.9 0.0 
998496-99999 201402280600 1002.1 0.0 
998496-99999 201403010600 997.8 0.0 
998496-99999 201403020600 1009.4 0.0 
998496-99999 201403030600 1020.9 0.0 
998496-99999 201403040600 1018.9 0.0 
998496-99999 201403050600 1019.0 0.0 
998496-99999 201403060600 1016.5 0.0 
998496-99999 201403070600 1022.4 0.0 
998496-99999 201403080600 1020.8 0.0 
998496-99999 201403090600 1022.6 0.0 
998496-99999 201403100600 1020.0 0.0 
998496-99999 201403110600 1022.6 0.0 
998496-99999 201403120600 1017.1 0.0 
998496-99999 201403130600 1017.0 0.0 
998496-99999 201403140600 1018.1 0.0 
998496-99999 201403150600 1023.3 0.0 
998496-99999 201403160600 1026.1 0.0 
998496-99999 201403170600 1023.3 0.0 
998496-99999 201403180600 1015.6 0.0 
998496-99999 201403190600 1014.6 0.0 
998496-99999 201403200600 1017.4 0.0 
998496-99999 201403210600 1015.3 0.0 
998496-99999 201403220600 1015.8 0.0 
998496-99999 201403230600 1020.0 0.0 
998496-99999 201403240600 1020.0 0.0 
998496-99999 201403250600 1017.6 0.0 
998496-99999 201403260600 1011.8 0.0 
998496-99999 201403270600 1014.3 0.0 
998496-99999 201403280600 1020.4 0.0 
998496-99999 201403290600 1020.4 0.0 
998496-99999 201403300600 1017.0 0.0 
998496-99999 201403310600 1018.9 0.0 
998496-99999 201404010600 1012.6 0.0 
998496-99999 201404020600 1011.3 0.0 
998496-99999 201404030600 1019.6 0.0 
998496-99999 201404040600 1017.7 0.0 
998496-99999 201404050600 1017.6 0.0 
998496-99999 201404060600 1022.2 0.0 
998496-99999 201404070600 1020.1 0.0 
998496-99999 201404080600 1018.9 0.0 
998496-99999 201404090600 1017.8 0.0 
998496-99999 201404100600 1017.2 0.0 
998496-99999 201404110600 1013.7 0.0 
998496-99999 201404120600 1013.0 0.0 
998496-99999 201404130600 1014.2 0.0 
998496-99999 201404140600 1017.5 0.0 
998496-99999 201404150600 1018.7 0.0 
998496-99999 201404160600 1013.7 0.0 
998496-99999 201404170600 1010.8 0.0 
998496-99999 201404180600 1011.2 0.0 
998496-99999 201404190600 1014.2 0.0 
998496-99999 201404200600 1020.2 0.0 
998496-99999 201404210600 1018.7 0.0 
998496-99999 201404220600 1015.7 0.0 
998496-99999 201404230600 1020.0 0.0 
998496-99999 201404240600 1019.5 0.0 
998496-99999 201404250600 1015.6 0.0 
998496-99999 201404260600 1010.4 0.0 
998496-99999 201404270600 1018.8 0.0 
998496-99999 201404280600 1020.2 0.0 
998496-99999 201404290600 1021.9 0.0 
998496-99999 201404300600 1017.7 0.0 
998496-99999 201405010600 1017.5 0.0 
998496-99999 201405020600 1018.8 0.0 
998496-99999 201405030600 1017.9 0.0 
998496-99999 201405040600 1016.7 0.0 
998496-99999 201405050600 1017.5 0.0 
998496-99999 201405060600 1014.5 0.0 
998496-99999 201405070600 1012.6 0.0 
998496-99999 201405080600 1015.5 0.0 
998496-99999 201405090600 1019.0 0.0 
998496-99999 201405100600 1021.0 0.0 
998496-99999 201405110600 1018.5 0.0 
998496-99999 201405120600 1018.2 0.0 
998496-99999 201405130600 1018.1 0.0 
998496-99999 201405140600 1020.1 0.0 
998496-99999 201405150600 1018.5 0.0 
998496-99999 201405160600 1018.9 0.0 
998496-99999 201405170600 1016.0 0.0 
998496-99999 201405180600 1015.2 0.0 
998496-99999 201405190600 1014.4 0.0 
998496-99999 201405200600 1014.4 0.0 
998496-99999 201405210600 1015.5 0.0 
998496-99999 201405220600 1015.1 0.0 
998496-99999 201405230600 1017.2 0.0 
998496-99999 201405240600 1014.8 0.0 
998496-99999 201405250600 1015.1 0.0 
998496-99999 201405260600 1014.0 0.0 
998496-99999 201405270600 1016.2 0.0 
998496-99999 201405280600 1016.6 0.0 
998496-99999 201405290600 1014.5 0.0 
998496-99999 201405300600 1013.9 0.0 
998496-99999 201405310600 1015.1 0.0 
998496-99999 201406010600 1013.8 0.0 
998496-99999 201406020600 1010.5 0.0 
998496-99999 201406030600 1013.2 0.0 
998496-99999 201406040600 1012.5 0.0 
998496-99999 201406050600 1011.4 0.0 
998496-99999 201406060600 1010.4 0.0 
998496-99999 201406070600 1010.7 0.0 
998496-99999 201406080600 1009.8 0.0 
998496-99999 201406090600 1007.4 0.0 
998496-99999 201406100600 1007.1 0.0 
998496-99999 201406110600 1010.2 0.0 
998496-99999 201406120600 1013.0 0.0 
998496-99999 201406130600 1014.1 0.0 
998496-99999 201406140600 1013.6 0.0 
998496-99999 201406150600 1010.8 0.0 
998496-99999 201406160600 1010.2 0.0 
998496-99999 201406170600 1012.5 0.0 
998496-99999 201406180600 1013.4 0.0 
998496-99999 201406190600 1014.4 0.0 
998496-99999 201406200600 1015.6 0.0 
998496-99999 201406210600 1014.1 0.0 
998496-99999 201406220600 1013.1 0.0 
998496-99999 201406230600 1014.2 0.0 
998496-99999 201406240600 1014.3 0.0 
998496-99999 201406250600 1014.8 0.0 
998496-99999 201406260600 1015.0 0.0 
998496-99999 201406270600 1015.4 0.0 
998496-99999 201406280600 1014.3 0.0 
998496-99999 201406290600 1013.6 0.0 
998496-99999 201406300600 1010.6 0.0 
998496-99999 201407010600 1009.7 0.0 
998496-99999 201407020600 1011.3 0.0 
998496-99999 201407030600 1012.8 0.0 
998496-99999 201407040600 1013.1 0.0 
998496-99999 201407050600 1016.2 0.0 
998496-99999 201407060600 1017.1 0.0 
998496-99999 201407070600 1014.7 0.0 
998496-99999 201407080600 1012.2 0.0 
998496-99999 201407090600 1013.3 0.0 
998496-99999 201407100600 1012.8 0.0 
998496-99999 201407110600 1013.9 0.0 
998496-99999 201407120600 1018.5 0.0 
998496-99999 201407130600 1017.9 0.0 
998496-99999 201407140600 1012.5 0.0 
998496-99999 201407150600 1013.6 0.0 
998496-99999 201407160600 1015.6 0.0 
998496-99999 201407170600 1016.0 0.0 
998496-99999 201407180600 1015.6 0.0 
998496-99999 201407190600 1015.1 0.0 
998496-99999 201407200600 1013.9 0.0 
998496-99999 201407210600 1015.9 0.0 
998496-99999 201407220600 1017.4 0.0 
998496-99999 201407230600 1019.6 0.0 
998496-99999 201407250600 1011.1 0.0 
998496-99999 201407260600 1011.7 0.0 
998496-99999 201407270600 1014.4 0.0 
998496-99999 201407280600 1016.0 0.0 
998496-99999 201407290600 1017.7 0.0 
998496-99999 201407300600 1016.0 0.0 
998496-99999 201407310600 1015.2 0.0 
998496-99999 201408010600 1013.2 0.0 
998496-99999 201408020600 1013.2 0.0 
998496-99999 201408030600 1013.9 0.0 
998496-99999 201408040600 1014.3 0.0 
998496-99999 201408050600 1016.1 0.0 
998496-99999 201408080600 1013.5 0.0 
998496-99999 201408090600 1012.7 0.0 
998496-99999 201408100600 1015.4 0.0 
998496-99999 201408110600 1014.6 0.0 
998496-99999 201408120600 1014.3 0.0 
998496-99999 201408130600 1014.3 0.0 
998496-99999 201408140600 1014.1 0.0 
998496-99999 201408150600 1014.2 0.0 
998496-99999 201408160600 1015.9 0.0 
998496-99999 201408170600 1016.4 0.0 
998496-99999 201408180600 1013.9 0.0 
998496-99999 201408190600 1010.9 0.0 
998496-99999 201408200600 1011.0 0.0 
998496-99999 201408210600 1012.9 0.0 
998496-99999 201408220600 1013.4 0.0 
998496-99999 201408230600 1013.7 0.0 
998496-99999 201408240600 1011.9 0.0 
998496-99999 201408250600 1011.6 0.0 
998496-99999 201408260600 1014.2 0.0 
998496-99999 201408270600 1016.0 0.0 
998496-99999 201408280600 1018.2 0.0 
998496-99999 201408290600 1014.9 0.0 
998496-99999 201408300600 1012.8 0.0 
998496-99999 201408310600 1011.9 0.0 
998496-99999 201409010600 1011.1 0.0 
998496-99999 201409020600 1009.1 0.0 
998496-99999 201409030600 1009.0 0.0 
998496-99999 201409040600 1006.8 0.0 
998496-99999 201409050600 1009.1 0.0 
998496-99999 201409060600 1013.1 0.0 
998496-99999 201409070600 1012.8 0.0 
998496-99999 201409080600 1010.9 0.0 
998496-99999 201409090600 1014.1 0.0 
998496-99999 201409110600 1011.8 0.0 
998496-99999 201409120600 1011.3 0.0 
998496-99999 201409130600 1010.2 0.0 
998496-99999 201409140600 1009.9 0.0 
998496-99999 201409150600 1010.2 0.0 
998496-99999 201409170600 1010.4 0.0 
998496-99999 201409180600 1008.3 0.0 
998496-99999 201409190600 1012.4 0.0 
998496-99999 201409200600 1012.4 0.0 
998496-99999 201409210600 1014.3 0.0 
998496-99999 201409220600 1016.4 0.0 
998496-99999 201409230600 1015.3 0.0 
998496-99999 201409240600 1014.7 0.0 
998496-99999 201409250600 1012.5 0.0 
998496-99999 201409260600 1015.8 0.0 
998496-99999 201409270600 1013.0 0.0 
998496-99999 201409300600 1015.4 0.0 
998496-99999 201410010600 1010.8 0.0 
998496-99999 201410020600 1013.6 0.0 
998496-99999 201410030600 1016.3 0.0 
998496-99999 201410040600 1016.9 0.0 
998496-99999 201410050600 1013.8 0.0 
998496-99999 201410060600 1012.8 0.0 
998496-99999 201410070600 1012.3 0.0 
998496-99999 201410080600 1012.3 0.0 
998496-99999 201410090600 1012.8 0.0 
998496-99999 201410100600 1015.8 0.0 
998496-99999 201410110600 1016.6 0.0 
998496-99999 201410120600 1015.4 0.0 
998496-99999 201410130600 1012.9 0.0 
998496-99999 201410140600 1014.1 0.0 
998496-99999 201410150600 1011.1 0.0 
998496-99999 201410160600 1016.5 0.0 
998496-99999 201410170600 1014.0 0.0 
998496-99999 201410180600 1015.2 0.0 
998496-99999 201410190600 1012.5 0.0 
998496-99999 201410200600 1012.7 0.0 
998496-99999 201410210600 1017.7 0.0 
998496-99999 201410220600 1017.3 0.0 
998496-99999 201410230600 1017.3 0.0 
998496-99999 201410240600 1015.2 0.0 
998496-99999 201410250600 1013.4 0.0 
998496-99999 201410260600 1020.6 0.0 
998496-99999 201410270600 1017.9 0.0 
998496-99999 201410280600 1017.7 0.0 
998496-99999 201410290600 1019.8 0.0 
998496-99999 201410300600 1015.3 0.0 
998496-99999 201410310600 1012.7 0.0 
998496-99999 201411010600 1007.7 0.0 
998496-99999 201411020600 1016.9 0.0 
998496-99999 201411030600 1021.5 0.0 
998496-99999 201411040600 1024.6 0.0 
998496-99999 201411050600 1024.4 0.0 
998496-99999 201411060600 1019.9 0.0 
998496-99999 201411070600 1023.1 0.0 
998496-99999 201411080600 1019.3 0.0 
998496-99999 201411090600 1016.8 0.0 
998496-99999 201411100600 1010.2 0.0 
998496-99999 201411110600 1010.5 0.0 
998496-99999 201411120600 1014.3 0.0 
998496-99999 201411130600 1015.2 0.0 
998496-99999 201411140600 1017.7 0.0 
998496-99999 201411150600 1019.0 0.0 
998496-99999 201411160600 1021.9 0.0 
998496-99999 201411170600 1024.1 0.0 
998496-99999 201411180600 1019.4 0.0 
998496-99999 201411190600 1018.4 0.0 
998496-99999 201411200600 1020.5 0.0 
998496-99999 201411210600 1016.9 0.0 
998496-99999 201411220600 1019.7 0.0 
998496-99999 201411230600 1023.7 0.0 
998496-99999 201411240600 1026.6 0.0 
998496-99999 201411250600 1029.3 0.0 
998496-99999 201411260600 1027.5 0.0 
998496-99999 201411270600 1023.1 0.0 
998496-99999 201411280600 1018.2 0.0 
998496-99999 201411290600 1011.6 0.0 
998496-99999 201411300600 1007.4 0.0 
998496-99999 201412010600 1015.9 0.0 
998496-99999 201412020600 1015.3 0.0 
998496-99999 201412030600 1006.0 0.0 
998496-99999 201412040600 1011.7 0.0 
998496-99999 201412050600 1016.4 0.0 
998496-99999 201412060600 1017.7 0.0 
998496-99999 201412070600 1022.9 0.0 
998496-99999 201412080600 1021.4 0.0 
998496-99999 201412090600 1020.4 0.0 
998496-99999 201412100600 1018.8 0.0 
998496-99999 201412110600 1007.7 0.0 
998496-99999 201412120600 1004.8 0.0 
998496-99999 201412130600 1017.8 0.0 
998496-99999 201412140600 1021.5 0.0 
998496-99999 201412150600 1015.6 0.0 
998496-99999 201412160600 1012.8 0.0 
998496-99999 201412170600 1012.9 0.0 
998496-99999 201412180600 1018.0 0.0 
998496-99999 201412190600 1021.7 0.0 
998496-99999 201412200600 1020.7 0.0 
998496-99999 201412210600 1024.4 0.0 
998496-99999 201412220600 1025.6 0.0 
998496-99999 201412230600 1022.5 0.0 
998496-99999 201412240600 1020.3 0.0 
998496-99999 201412250600 1017.9 0.0 
998496-99999 201412260600 1020.0 0.0 
998496-99999 201412270600 1024.2 0.0 
998496-99999 201412280600 1028.3 0.0 
998496-99999 201412290600 1024.2 0.0 
998496-99999 201412300600 1020.1 0.0 
998496-99999 201412310600 1024.7 0.0 
998496-99999 201301010600 1024.8 0.0 
998496-99999 201301020600 1024.1 0.0 
998496-99999 201301030600 1021.6 0.0 
998496-99999 201301040600 1024.6 0.0 
998496-99999 201301050600 1023.2 0.0 
998496-99999 201301060600 1018.7 0.0 
998496-99999 201301070600 1022.1 0.0 
998496-99999 201301080600 1021.9 0.0 
998496-99999 201301090600 1020.8 0.0 
998496-99999 201301100600 1018.3 0.0 
998496-99999 201301110600 1022.1 0.0 
998496-99999 201301120600 1021.2 0.0 
998496-99999 201301130600 1021.4 0.0 
998496-99999 201301140600 1022.8 0.0 
998496-99999 201301150600 1028.7 0.0 
998496-99999 201301160600 1030.0 0.0 
998496-99999 201301170600 1024.9 0.0 
998496-99999 201301180600 1021.7 0.0 
998496-99999 201301190600 1021.3 0.0 
998496-99999 201301200600 1022.8 0.0 
998496-99999 201301210600 1021.8 0.0 
998496-99999 201301220600 1020.1 0.0 
998496-99999 201301230600 1017.1 0.0 
998496-99999 201301240600 1018.4 0.0 
998496-99999 201301250600 1022.1 0.0 
998496-99999 201301260600 1017.9 0.0 
998496-99999 201301270600 1018.4 0.0 
998496-99999 201301280600 1021.1 0.0 
998496-99999 201301290600 1025.5 0.0 
998496-99999 201301300600 1025.9 0.0 
998496-99999 201301310600 1025.2 0.0 
998496-99999 201302010600 1022.1 0.0 
998496-99999 201302020600 1022.6 0.0 
998496-99999 201302030600 1024.0 0.0 
998496-99999 201302040600 1021.7 0.0 
998496-99999 201302050600 1019.4 0.0 
998496-99999 201302060600 1020.5 0.0 
998496-99999 201302070600 1021.9 0.0 
998496-99999 201302080600 1017.1 0.0 
998496-99999 201302090600 1015.5 0.0 
998496-99999 201302100600 1019.0 0.0 
998496-99999 201302110600 1018.0 0.0 
998496-99999 201302120600 1023.5 0.0 
998496-99999 201302130600 1027.0 0.0 
998496-99999 201302140600 1023.9 0.0 
998496-99999 201302150600 1022.7 0.0 
998496-99999 201302160600 1023.9 0.0 
998496-99999 201302170600 1018.6 0.0 
998496-99999 201302180600 1016.2 0.0 
998496-99999 201302190600 1015.8 0.0 
998496-99999 201302200600 1009.5 0.0 
998496-99999 201302210600 1018.0 0.0 
998496-99999 201302220600 1021.3 0.0 
998496-99999 201302230600 1024.1 0.0 
998496-99999 201302240600 1023.4 0.0 
998496-99999 201302250600 1023.5 0.0 
998496-99999 201302260600 1023.0 0.0 
998496-99999 201302270600 1022.6 0.0 
998496-99999 201302280600 1028.0 0.0 
998496-99999 201303010600 1030.7 0.0 
998496-99999 201303020600 1024.6 0.0 
998496-99999 201303030600 1019.9 0.0 
998496-99999 201303040600 1019.4 0.0 
998496-99999 201303050600 1018.7 0.0 
998496-99999 201303060600 1011.3 0.0 
998496-99999 201303070600 1016.8 0.0 
998496-99999 201303080600 1012.3 0.0 
998496-99999 201303090600 1017.0 0.0 
998496-99999 201303100600 1026.0 0.0 
998496-99999 201303110600 1025.2 0.0 
998496-99999 201303120600 1020.4 0.0 
998496-99999 201303130600 1020.3 0.0 
998496-99999 201303140600 1019.4 0.0 
998496-99999 201303150600 1020.5 0.0 
998496-99999 201303160600 1018.8 0.0 
998496-99999 201303170600 1019.2 0.0 
998496-99999 201303180600 1018.9 0.0 
998496-99999 201303190600 1020.2 0.0 
998496-99999 201303200600 1019.2 0.0 
998496-99999 201303210600 1020.6 0.0 
998496-99999 201303220600 1017.9 0.0 
998496-99999 201303230600 1018.7 0.0 
998496-99999 201303240600 1019.0 0.0 
998496-99999 201303250600 1016.7 0.0 
998496-99999 201303260600 1016.3 0.0 
998496-99999 201303270600 1015.5 0.0 
998496-99999 201303280600 1016.5 0.0 
998496-99999 201303290600 1019.1 0.0 
998496-99999 201303300600 1018.0 0.0 
998496-99999 201303310600 1016.8 0.0 
998496-99999 201304010600 1017.6 0.0 
998496-99999 201304020600 1021.3 0.0 
998496-99999 201304030600 1021.2 0.0 
998496-99999 201304040600 1016.9 0.0 
998496-99999 201304050600 1020.0 0.0 
998496-99999 201304060600 1022.5 0.0 
998496-99999 201304070600 1022.1 0.0 
998496-99999 201304080600 1012.3 0.0 
998496-99999 201304090600 1016.3 0.0 
998496-99999 201304100600 1019.0 0.0 
998496-99999 201304110600 1019.0 0.0 
998496-99999 201304120600 1012.1 0.0 
998496-99999 201304130600 1012.5 0.0 
998496-99999 201304140600 1012.6 0.0 
998496-99999 201304150600 1013.4 0.0
998496-99999 201304160600 1014.2 0.0 
998496-99999 201304170600 1020.7 0.0 
998496-99999 201304180600 1023.6 0.0 
998496-99999 201304190600 1023.7 0.0 
998496-99999 201304200600 1018.9 0.0 
998496-99999 201304210600 1017.1 0.0 
998496-99999 201304220600 1014.8 0.0 
998496-99999 201304230600 1012.3 0.0 
998496-99999 201304240600 1013.5 0.0 
998496-99999 201304250600 1014.6 0.0 
998496-99999 201304260600 1020.8 0.0 
998496-99999 201304270600 1023.9 0.0 
998496-99999 201304280600 1019.7 0.0 
998496-99999 201304290600 1012.7 0.0 
998496-99999 201304300600 1009.4 0.0 
998496-99999 201305010600 1010.7 0.0 
998496-99999 201305020600 1018.7 0.0 
998496-99999 201305030600 1019.0 0.0 
998496-99999 201305040600 1010.0 0.0 
998496-99999 201305050600 1003.0 0.0 
998496-99999 201305060600 1009.2 0.0 
998496-99999 201305070600 1014.9 0.0 
998496-99999 201305080600 1017.8 0.0 
998496-99999 201305090600 1020.9 0.0 
998496-99999 201305100600 1022.5 0.0 
998496-99999 201305110600 1021.7 0.0 
998496-99999 201305120600 1020.6 0.0 
998496-99999 201305130600 1018.2 0.0 
998496-99999 201305140600 1015.3 0.0 
998496-99999 201305150600 1016.8 0.0 
998496-99999 201305160600 1017.0 0.0 
998496-99999 201305170600 1016.2 0.0 
998496-99999 201305180600 1019.0 0.0 
998496-99999 201305190600 1019.5 0.0 
998496-99999 201305200600 1016.4 0.0 
998496-99999 201305210600 1015.1 0.0 
998496-99999 201305220600 1015.3 0.0 
998496-99999 201305230600 1013.9 0.0 
998496-99999 201305240600 1016.1 0.0 
998496-99999 201305250600 1015.4 0.0 
998496-99999 201305260600 1017.8 0.0 
998496-99999 201305270600 1020.8 0.0 
998496-99999 201305280600 1017.5 0.0 
998496-99999 201305290600 1015.2 0.0 
998496-99999 201305300600 1014.4 0.0 
998496-99999 201305310600 1015.6 0.0 
998496-99999 201306010600 1014.4 0.0 
998496-99999 201306020600 1009.3 0.0 
998496-99999 201306030600 1007.3 0.0 
998496-99999 201306040600 1011.6 0.0 
998496-99999 201306050600 1015.3 0.0 
998496-99999 201306060600 1015.1 0.0 
998496-99999 201306070600 1013.1 0.0 
998496-99999 201306080600 1007.7 0.0 
998496-99999 201306090600 1009.6 0.0 
998496-99999 201306100600 1011.9 0.0 
998496-99999 201306110600 1014.5 0.0 
998496-99999 201306120600 1013.3 0.0 
998496-99999 201306130600 1015.9 0.0 
998496-99999 201306140600 1016.4 0.0 
998496-99999 201306150600 1011.7 0.0 
998496-99999 201306160600 1016.7 0.0 
998496-99999 201306170600 1019.1 0.0 
998496-99999 201306180600 1017.8 0.0 
998496-99999 201306190600 1016.5 0.0 
998496-99999 201306200600 1016.9 0.0 
998496-99999 201306210600 1015.6 0.0 
998496-99999 201306220600 1014.1 0.0 
998496-99999 201306230600 1012.0 0.0 
998496-99999 201306240600 1010.3 0.0 
998496-99999 201306250600 1012.8 0.0 
998496-99999 201306260600 1015.5 0.0 
998496-99999 201306270600 1017.5 0.0 
998496-99999 201306280600 1017.4 0.0 
998496-99999 201306290600 1013.9 0.0 
998496-99999 201306300600 1010.8 0.0 
998496-99999 201307010600 1009.7 0.0 
998496-99999 201307020600 1010.5 0.0 
998496-99999 201307030600 1013.7 0.0 
998496-99999 201307040600 1009.2 0.0 
998496-99999 201307050600 1006.8 0.0 
998496-99999 201307060600 1008.8 0.0 
998496-99999 201307070600 1009.3 0.0 
998496-99999 201307080600 1011.6 0.0 
998496-99999 201307090600 1015.4 0.0 
998496-99999 201307100600 1015.7 0.0 
998496-99999 201307110600 1014.8 0.0 
998496-99999 201307120600 1014.0 0.0 
998496-99999 201307130600 1013.1 0.0 
998496-99999 201307140600 1014.9 0.0 
998496-99999 201307150600 1014.2 0.0 
998496-99999 201307160600 1012.2 0.0 
998496-99999 201307170600 1017.3 0.0 
998496-99999 201307180600 1018.9 0.0 
998496-99999 201307190600 1015.4 0.0 
998496-99999 201307200600 1012.1 0.0 
998496-99999 201307210600 1009.8 0.0 
998496-99999 201307220600 1012.2 0.0 
998496-99999 201307230600 1014.5 0.0 
998496-99999 201307240600 1015.5 0.0 
998496-99999 201307250600 1014.3 0.0 
998496-99999 201307260600 1017.4 0.0 
998496-99999 201307270600 1018.0 0.0 
998496-99999 201307280600 1012.7 0.0 
998496-99999 201307290600 1011.0 0.0 
998496-99999 201307300600 1016.4 0.0 
998496-99999 201307310600 1018.9 0.0 
998496-99999 201308010600 1017.0 0.0 
998496-99999 201308020600 1015.2 0.0 
998496-99999 201308030600 1014.3 0.0 
998496-99999 201308040600 1015.3 0.0 
998496-99999 201308050600 1016.5 0.0 
998496-99999 201308060600 1016.1 0.0 
998496-99999 201308070600 1017.8 0.0 
998496-99999 201308080600 1017.7 0.0 
998496-99999 201308090600 1015.5 0.0 
998496-99999 201308100600 1016.2 0.0 
998496-99999 201308110600 1017.2 0.0 
998496-99999 201308120600 1015.7 0.0 
998496-99999 201308130600 1015.6 0.0 
998496-99999 201308140600 1014.7 0.0 
998496-99999 201308150600 1014.1 0.0 
998496-99999 201308160600 1015.0 0.0 
998496-99999 201308170600 1015.4 0.0 
998496-99999 201308180600 1012.6 0.0 
998496-99999 201308190600 1009.4 0.0 
998496-99999 201308200600 1012.3 0.0 
998496-99999 201308210600 1012.5 0.0 
998496-99999 201308220600 1013.8 0.0 
998496-99999 201308240600 1010.9 0.0 
998496-99999 201308250600 1012.5 0.0 
998496-99999 201308260600 1014.4 0.0 
998496-99999 201308270600 1013.4 0.0 
998496-99999 201308280600 1011.9 0.0 
998496-99999 201308290600 1014.2 0.0 
998496-99999 201308300600 1017.1 0.0 
998496-99999 201308310600 1014.4 0.0 
998496-99999 201309010600 1014.4 0.0 
998496-99999 201309020600 1013.4 0.0 
998496-99999 201309030600 1013.8 0.0 
998496-99999 201309040600 1015.0 0.0 
998496-99999 201309050600 1015.2 0.0 
998496-99999 201309060600 1015.7 0.0 
998496-99999 201309070600 1010.5 0.0 
998496-99999 201309080600 1011.4 0.0 
998496-99999 201309090600 1009.2 0.0 
998496-99999 201309100600 1007.7 0.0 
998496-99999 201309110600 1012.4 0.0 
998496-99999 201309120600 1015.1 0.0 
998496-99999 201309130600 1013.8 0.0 
998496-99999 201309140600 1009.7 0.0 
998496-99999 201309150600 1009.1 0.0 
998496-99999 201309160600 1011.3 0.0 
998496-99999 201309170600 1010.4 0.0 
998496-99999 201309180600 1012.0 0.0 
998496-99999 201309190600 1011.0 0.0 
998496-99999 201309200600 1009.0 0.0 
998496-99999 201309210600 1010.6 0.0 
998496-99999 201309220600 1012.4 0.0 
998496-99999 201309230600 1016.1 0.0 
998496-99999 201309240600 1014.4 0.0 
998496-99999 201309250600 1013.3 0.0 
998496-99999 201309260600 1010.7 0.0 
998496-99999 201309270600 1015.2 0.0 
998496-99999 201309280600 1018.2 0.0 
998496-99999 201309290600 1018.7 0.0 
998496-99999 201309300600 1018.7 0.0 
998496-99999 201310010600 1015.8 0.0 
998496-99999 201310020600 1014.1 0.0 
998496-99999 201310030600 1016.1 0.0 
998496-99999 201310040600 1014.7 0.0 
998496-99999 201310050600 1018.7 0.0 
998496-99999 201310060600 1019.7 0.0 
998496-99999 201310070600 1016.0 0.0 
998496-99999 201310080600 1012.6 0.0 
998496-99999 201310090600 1006.9 0.0 
998496-99999 201310100600 1007.5 0.0 
998496-99999 201310110600 1016.1 0.0 
998496-99999 201310120600 1016.5 0.0 
998496-99999 201310130600 1013.6 0.0 
998496-99999 201310140600 1018.0 0.0 
998496-99999 201310150600 1016.9 0.0 
998496-99999 201310160600 1015.4 0.0 
998496-99999 201310170600 1017.5 0.0 
998496-99999 201310180600 1015.8 0.0 
998496-99999 201310190600 1017.1 0.0 
998496-99999 201310200600 1017.2 0.0 
998496-99999 201310210600 1014.5 0.0 
998496-99999 201310220600 1015.7 0.0 
998496-99999 201310230600 1015.0 0.0 
998496-99999 201310240600 1015.5 0.0 
998496-99999 201310250600 1019.4 0.0 
998496-99999 201310260600 1019.8 0.0 
998496-99999 201310270600 1017.5 0.0 
998496-99999 201310280600 1005.8 0.0 
998496-99999 201310290600 1010.6 0.0 
998496-99999 201310300600 1017.6 0.0 
998496-99999 201310310600 1020.1 0.0 
998496-99999 201311010600 1019.4 0.0 
998496-99999 201311020600 1016.6 0.0 
998496-99999 201311030600 1014.5 0.0 
998496-99999 201311040600 1014.2 0.0 
998496-99999 201311050600 1017.4 0.0 
998496-99999 201311060600 1023.0 0.0 
998496-99999 201311070600 1022.0 0.0 
998496-99999 201311080600 1019.1 0.0 
998496-99999 201311090600 1016.0 0.0 
998496-99999 201311100600 1017.4 0.0 
998496-99999 201311110600 1020.1 0.0 
998496-99999 201311120600 1021.1 0.0 
998496-99999 201311130600 1024.6 0.0 
998496-99999 201311140600 1020.2 0.0 
998496-99999 201311150600 1012.4 0.0 
998496-99999 201311160600 1008.3 0.0 
998496-99999 201311190600 1019.7 0.0 
998496-99999 201311200600 1014.5 0.0 
998496-99999 201311210600 1012.4 0.0 
998496-99999 201311220600 1014.2 0.0 
998496-99999 201311230600 1013.3 0.0 
998496-99999 201311240600 1018.9 0.0 
998496-99999 201311250600 1024.2 0.0 
998496-99999 201311260600 1025.0 0.0 
998496-99999 201311270600 1018.1 0.0 
998496-99999 201311280600 1011.6 0.0 
998496-99999 201311290600 1018.0 0.0 
998496-99999 201311300600 1022.9 0.0 
998496-99999 201312010600 1023.9 0.0 
998496-99999 201312020600 1023.9 0.0 
998496-99999 201312030600 1015.8 0.0 
998496-99999 201312040600 1013.3 0.0 
998496-99999 201312050600 1018.2 0.0 
998496-99999 201312060600 1021.2 0.0 
998496-99999 201312070600 1013.7 0.0 
998496-99999 201312080600 1023.2 0.0 
998496-99999 201312090600 1026.4 0.0 
998496-99999 201312100600 1029.7 0.0 
998496-99999 201312110600 1023.5 0.0 
998496-99999 201312120600 1022.7 0.0 
998496-99999 201312130600 1024.0 0.0 
998496-99999 201312140600 1026.0 0.0 
998496-99999 201312150600 1027.9 0.0 
998496-99999 201312160600 1024.2 0.0 
998496-99999 201312170600 1021.0 0.0 
998496-99999 201312180600 1017.4 0.0 
998496-99999 201312190600 1008.6 0.0 
998496-99999 201312200600 1012.7 0.0 
998496-99999 201312210600 1015.3 0.0 
998496-99999 201312220600 1018.4 0.0 
998496-99999 201312230600 1025.0 0.0 
998496-99999 201312240600 1027.2 0.0 
998496-99999 201312250600 1024.0 0.0 
998496-99999 201312260600 1023.8 0.0 
998496-99999 201312270600 1022.8 0.0 
998496-99999 201312280600 1020.6 0.0 
998496-99999 201312290600 1018.6 0.0 
998496-99999 201312300600 1021.3 0.0 
998496-99999 201312310600 1024.2 0.0 
998496-99999 201205080600 1014.7 0.0 
998496-99999 201205090600 1014.1 0.0 
998496-99999 201205100600 1013.3 0.0 
998496-99999 201205110600 1011.8 0.0 
998496-99999 201205120600 1015.2 0.0 
998496-99999 201205130600 1017.8 0.0 
998496-99999 201205140600 1018.8 0.0 
998496-99999 201205150600 1017.8 0.0 
998496-99999 201205160600 1017.8 0.0 
998496-99999 201205170600 1015.1 0.0 
998496-99999 201205180600 1012.9 0.0 
998496-99999 201205190600 1014.6 0.0 
998496-99999 201205200600 1015.0 0.0 
998496-99999 201205210600 1016.4 0.0 
998496-99999 201205220600 1019.3 0.0 
998496-99999 201205230600 1017.8 0.0 
998496-99999 201205240600 1013.6 0.0 
998496-99999 201205250600 1007.8 0.0 
998496-99999 201205260600 1010.2 0.0 
998496-99999 201205270600 1019.2 0.0 
998496-99999 201205280600 1019.1 0.0 
998496-99999 201205290600 1017.2 0.0 
998496-99999 201205300600 1018.2 0.0 
998496-99999 201205310600 1017.9 0.0 
998496-99999 201206010600 1011.7 0.0 
998496-99999 201206020600 1010.7 0.0 
998496-99999 201206030600 1014.9 0.0 
998496-99999 201206040600 1014.3 0.0 
998496-99999 201206050600 1020.0 0.0 
998496-99999 201206060600 1020.7 0.0 
998496-99999 201206070600 1015.7 0.0 
998496-99999 201206080600 1015.7 0.0 
998496-99999 201206090600 1014.1 0.0 
998496-99999 201206100600 1012.1 0.0 
998496-99999 201206110600 1012.1 0.0 
998496-99999 201206120600 1014.6 0.0 
998496-99999 201206130600 1013.7 0.0 
998496-99999 201206140600 1009.3 0.0 
998496-99999 201206150600 1008.9 0.0 
998496-99999 201206160600 1009.9 0.0 
998496-99999 201206170600 1008.5 0.0 
998496-99999 201206180600 1012.5 0.0 
998496-99999 201206190600 1011.2 0.0 
998496-99999 201206200600 1010.5 0.0 
998496-99999 201206210600 1010.1 0.0 
998496-99999 201206220600 1015.4 0.0 
998496-99999 201206230600 1012.1 0.0 
998496-99999 201206240600 1014.2 0.0 
998496-99999 201206250600 1016.7 0.0 
998496-99999 201206260600 1018.0 0.0 
998496-99999 201206270600 1012.8 0.0 
998496-99999 201206280600 1014.5 0.0 
998496-99999 201206290600 1019.1 0.0 
998496-99999 201206300600 1017.4 0.0 
998496-99999 201207010600 1014.4 0.0 
998496-99999 201207020600 1012.6 0.0 
998496-99999 201207030600 1012.8 0.0 
998496-99999 201207040600 1010.8 0.0 
998496-99999 201207050600 1012.4 0.0 
998496-99999 201207060600 1015.8 0.0 
998496-99999 201207070600 1015.8 0.0 
998496-99999 201207080600 1015.6 0.0 
998496-99999 201207090600 1017.0 0.0 
998496-99999 201207100600 1015.2 0.0 
998496-99999 201207110600 1011.5 0.0 
998496-99999 201207120600 1010.8 0.0 
998496-99999 201207130600 1011.8 0.0 
998496-99999 201207140600 1013.9 0.0 
998496-99999 201207150600 1013.4 0.0 
998496-99999 201207160600 1011.4 0.0 
998496-99999 201207170600 1013.6 0.0 
998496-99999 201207180600 1015.9 0.0 
998496-99999 201207190600 1015.6 0.0 
998496-99999 201207200600 1017.5 0.0 
998496-99999 201207210600 1015.9 0.0 
998496-99999 201207220600 1012.8 0.0 
998496-99999 201207230600 1012.8 0.0 
998496-99999 201207240600 1013.7 0.0 
998496-99999 201207250600 1014.4 0.0 
998496-99999 201207260600 1015.1 0.0 
998496-99999 201207270600 1015.6 0.0 
998496-99999 201207280600 1016.8 0.0 
998496-99999 201207290600 1017.3 0.0 
998496-99999 201207300600 1015.9 0.0 
998496-99999 201207310600 1013.6 0.0 
998496-99999 201208010600 1015.6 0.0 
998496-99999 201208020600 1016.0 0.0 
998496-99999 201208030600 1013.4 0.0 
998496-99999 201208040600 1011.3 0.0 
998496-99999 201208050600 1014.8 0.0 
998496-99999 201208060600 1019.0 0.0 
998496-99999 201208070600 1017.8 0.0 
998496-99999 201208080600 1015.8 0.0 
998496-99999 201208090600 1014.2 0.0 
998496-99999 201208100600 1011.0 0.0 
998496-99999 201208110600 1008.8 0.0 
998496-99999 201208120600 1009.8 0.0 
998496-99999 201208130600 1010.4 0.0 
998496-99999 201208140600 1009.1 0.0 
998496-99999 201208150600 1009.9 0.0 
998496-99999 201208160600 1012.6 0.0 
998496-99999 201208170600 1014.7 0.0 
998496-99999 201208180600 1013.9 0.0 
998496-99999 201208190600 1014.2 0.0 
998496-99999 201208200600 1013.6 0.0 
998496-99999 201208210600 1013.0 0.0 
998496-99999 201208220600 1012.4 0.0 
998496-99999 201208230600 1013.3 0.0 
998496-99999 201208240600 1012.4 0.0 
998496-99999 201208250600 1011.5 0.0 
998496-99999 201208260600 1011.9 0.0 
998496-99999 201208270600 1015.6 0.0 
998496-99999 201208280600 1015.1 0.0 
998496-99999 201208290600 1014.3 0.0 
998496-99999 201208300600 1009.5 0.0 
998496-99999 201208310600 1011.5 0.0 
998496-99999 201209010600 1014.9 0.0 
998496-99999 201209020600 1015.8 0.0 
998496-99999 201209030600 1013.3 0.0 
998496-99999 201209040600 1014.9 0.0 
998496-99999 201209050600 1015.9 0.0 
998496-99999 201209060600 1015.2 0.0 
998496-99999 201209070600 1016.4 0.0 
998496-99999 201209080600 1017.7 0.0 
998496-99999 201209090600 1016.0 0.0 
998496-99999 201209100600 1013.5 0.0 
998496-99999 201209110600 1011.0 0.0 
998496-99999 201209120600 1014.8 0.0 
998496-99999 201209130600 1017.3 0.0 
998496-99999 201209140600 1018.7 0.0 
998496-99999 201209150600 1017.9 0.0 
998496-99999 201209160600 1016.8 0.0 
998496-99999 201209170600 1016.2 0.0 
998496-99999 201209180600 1017.7 0.0 
998496-99999 201209190600 1018.4 0.0 
998496-99999 201209200600 1018.3 0.0 
998496-99999 201209210600 1016.2 0.0 
998496-99999 201209220600 1013.4 0.0 
998496-99999 201209230600 1013.1 0.0 
998496-99999 201209240600 1014.1 0.0 
998496-99999 201209250600 1013.1 0.0 
998496-99999 201209260600 1012.4 0.0 
998496-99999 201209270600 1012.2 0.0 
998496-99999 201209280600 1012.6 0.0 
998496-99999 201209290600 1014.7 0.0 
998496-99999 201209300600 1017.2 0.0 
998496-99999 201210010600 1015.2 0.0 
998496-99999 201210020600 1012.2 0.0 
998496-99999 201210030600 1008.9 0.0 
998496-99999 201210040600 1015.3 0.0 
998496-99999 201210050600 1020.7 0.0 
998496-99999 201210060600 1018.5 0.0 
998496-99999 201210070600 1015.6 0.0 
998496-99999 201210080600 1015.9 0.0 
998496-99999 201210090600 1017.1 0.0 
998496-99999 201210100600 1014.7 0.0 
998496-99999 201210110600 1014.4 0.0 
998496-99999 201210120600 1014.9 0.0 
998496-99999 201210130600 1023.2 0.0 
998496-99999 201210140600 1022.4 0.0 
998496-99999 201210150600 1019.1 0.0 
998496-99999 201210160600 1015.7 0.0 
998496-99999 201210170600 1012.5 0.0 
998496-99999 201210180600 1011.2 0.0 
998496-99999 201210190600 1016.5 0.0 
998496-99999 201210200600 1014.1 0.0 
998496-99999 201210210600 1010.6 0.0 
998496-99999 201210220600 1010.9 0.0 
998496-99999 201210230600 1013.2 0.0 
998496-99999 201210240600 1016.7 0.0 
998496-99999 201210250600 1022.3 0.0 
998496-99999 201210260600 1023.9 0.0 
998496-99999 201210270600 1019.3 0.0 
998496-99999 201210280600 1015.3 0.0 
998496-99999 201210290600 1016.8 0.0 
998496-99999 201210300600 1018.0 0.0 
998496-99999 201210310600 1016.1 0.0 
998496-99999 201211010600 1015.6 0.0 
998496-99999 201211020600 1017.6 0.0 
998496-99999 201211030600 1018.1 0.0 
998496-99999 201211040600 1020.5 0.0 
998496-99999 201211050600 1020.8 0.0 
998496-99999 201211060600 1017.6 0.0 
998496-99999 201211070600 1016.8 0.0 
998496-99999 201211080600 1014.4 0.0 
998496-99999 201211090600 1013.0 0.0 
998496-99999 201211100600 1015.4 0.0 
998496-99999 201211110600 1023.3 0.0 
998496-99999 201211120600 1028.5 0.0 
998496-99999 201211130600 1025.5 0.0 
998496-99999 201211140600 1019.3 0.0 
998496-99999 201211150600 1016.7 0.0 
998496-99999 201211160600 1016.0 0.0 
998496-99999 201211170600 1011.6 0.0 
998496-99999 201211180600 1014.7 0.0 
998496-99999 201211190600 1021.7 0.0 
998496-99999 201211200600 1021.8 0.0 
998496-99999 201211210600 1017.4 0.0 
998496-99999 201211220600 1022.6 0.0 
998496-99999 201211230600 1023.4 0.0 
998496-99999 201211240600 1022.4 0.0 
998496-99999 201211250600 1017.5 0.0 
998496-99999 201211260600 1014.7 0.0 
998496-99999 201211270600 1018.0 0.0 
998496-99999 201211280600 1016.6 0.0 
998496-99999 201211290600 1017.3 0.0 
998496-99999 201211300600 1012.4 0.0 
998496-99999 201212010600 1016.1 0.0 
998496-99999 201212020600 1012.5 0.0 
998496-99999 201212030600 1018.4 0.0 
998496-99999 201212040600 1022.1 0.0 
998496-99999 201212050600 1021.4 0.0 
998496-99999 201212060600 1020.3 0.0 
998496-99999 201212070600 1020.1 0.0 
998496-99999 201212080600 1018.6 0.0 
998496-99999 201212090600 1018.4 0.0 
998496-99999 201212100600 1021.5 0.0 
998496-99999 201212110600 1019.9 0.0 
998496-99999 201212120600 1011.6 0.0 
998496-99999 201212130600 1012.1 0.0 
998496-99999 201212140600 1011.3 0.0 
998496-99999 201212150600 1015.9 0.0 
998496-99999 201212160600 1016.8 0.0 
998496-99999 201212170600 1017.3 0.0 
998496-99999 201212180600 1015.8 0.0 
998496-99999 201212190600 1021.7 0.0 
998496-99999 201212200600 1023.7 0.0 
998496-99999 201212210600 1016.4 0.0 
998496-99999 201212220600 1012.8 0.0 
998496-99999 201212230600 1018.1 0.0 
998496-99999 201212240600 1014.7 0.0 
998496-99999 201212250600 1021.3 0.0 
998496-99999 201212260600 1010.1 0.0 
998496-99999 201212270600 1018.4 0.0 
998496-99999 201212280600 1021.3 0.0 
998496-99999 201212290600 1016.9 0.0 
998496-99999 201212300600 1018.4 0.0 
998496-99999 201212310600 1020.8 0.0 
