USC00010063;(239.0,250.0,239.0)
USC00010063;(239.0,250.0,239.0)
USC00010390;(206.0,261.0,283.0)
USC00010402;(261.0,211.0,89.0)
USC00010425;(222.0,244.0,217.0)
USC00011566;(256.0,267.0,222.0)
USC00011725;(167.0,117.0,-6.0)
USC00012096;(183.0,194.0,217.0)
USC00012209;(106.0,200.0,211.0)
USC00012245;(72.0,-11.0,0.0)
USC00012813;(267.0,261.0,139.0)
USC00013154;(256.0,272.0,172.0)
USC00013573;(239.0,228.0,133.0)
USC00013575;(250.0,94.0,61.0)
USC00013620;(117.0,22.0,22.0)
USC00013645;(189.0,139.0,-33.0)
USC00013655;(194.0,256.0,272.0)
USC00014193;(189.0,222.0,283.0)
USC00015635;(239.0,200.0,167.0)
USC00016129;(256.0,233.0,156.0)
USC00016196;(244.0,144.0,78.0)
USC00017304;(272.0,256.0,250.0)
USC00017366;(250.0,194.0,228.0)
USC00017999;(250.0,256.0,239.0)
USC00018024;(178.0,189.0,267.0)
USC00018380;(233.0,178.0,211.0)
USC00020287;(306.0,283.0,317.0)
USC00020288;(339.0,333.0,283.0)
USC00020404;(311.0,322.0,344.0)
USC00020586;(189.0,194.0,128.0)
USC00020672;(344.0,367.0,222.0)
USC00020678;(183.0,178.0,106.0)
USC00020949;(350.0,328.0,306.0)
USC00021248;(222.0,250.0,267.0)
USC00021282;(311.0,272.0,189.0)
USC00021314;(328.0,328.0,333.0)
USC00021654;(261.0,244.0,278.0)
USC00022140;(228.0,172.0,167.0)
USC00022527;(239.0,200.0,239.0)
USC00023190;(339.0,378.0,361.0)
USC00023501;(267.0,267.0,278.0)
USC00023668;(294.0,283.0,283.0)
USC00024453;(228.0,211.0,228.0)
USC00024675;(217.0,239.0,250.0)
USC00024761;(350.0,344.0,350.0)
USC00025412;(172.0,178.0,106.0)
USC00025418;(289.0,278.0,278.0)
USC00026037;(256.0,283.0,244.0)
USC00026468;(239.0,233.0,228.0)
USC00026616;(172.0,200.0,206.0)
USC00026796;(233.0,289.0,317.0)
USC00027187;(339.0,328.0,356.0)
USC00027281;(306.0,328.0,333.0)
USC00027398;(300.0,311.0,367.0)
USC00027530;(267.0,272.0,272.0)
USC00027560;(300.0,261.0,217.0)
USC00027716;(261.0,200.0,178.0)
USC00028329;(183.0,122.0,133.0)
USC00028590;(306.0,317.0,339.0)
USC00028619;(267.0,300.0,339.0)
USC00028904;(300.0,306.0,306.0)
USC00029156;(211.0,217.0,228.0)
USC00029334;(256.0,250.0,244.0)
USC00029464;(322.0,311.0,278.0)
USC00029542;(228.0,250.0,250.0)
USC00029645;(328.0,322.0,350.0)
USC00030130;(156.0,17.0,178.0)
USC00030286;(144.0,206.0,217.0)
USC00030460;(278.0,244.0,28.0)
USC00030536;(206.0,111.0,156.0)
USC00030664;(233.0,194.0,217.0)
USC00030832;(44.0,111.0,217.0)
USC00030936;(67.0,106.0,172.0)
USC00031132;(244.0,117.0,78.0)
USC00031140;(272.0,244.0,261.0)
USC00031152;(189.0,150.0,156.0)
USC00031191;(233.0,228.0,222.0)
USC00031457;(83.0,167.0,244.0)
USC00031632;(300.0,278.0,272.0)
USC00031730;(256.0,111.0,117.0)
USC00031838;(133.0,200.0,178.0)
USC00031910;(261.0,289.0,306.0)
USC00031968;(194.0,217.0,106.0)
USC00032355;(256.0,239.0,217.0)
USC00032366;(261.0,233.0,22.0)
USC00032540;(233.0,28.0,56.0)
USC00032794;(256.0,183.0,111.0)
USC00032978;(200.0,128.0,144.0)
USC00033132;(244.0,172.0,217.0)
USC00033466;(211.0,133.0,133.0)
USC00033734;(267.0,189.0,228.0)
USC00033862;(211.0,200.0,211.0)
USC00033909;(200.0,150.0,183.0)
USC00034528;(256.0,200.0,244.0)
USC00034562;(167.0,28.0,-67.0)
USC00034572;(267.0,278.0,294.0)
USC00034638;(228.0,100.0,122.0)
USC00034666;(244.0,0.0,94.0)
USC00034711;(283.0,289.0,294.0)
USC00034756;(233.0,250.0,217.0)
USC00034938;(156.0,89.0,50.0)
USC00035036;(83.0,189.0,167.0)
USC00035046;(194.0,206.0,78.0)
USC00035112;(206.0,217.0,33.0)
USC00035186;(233.0,244.0,61.0)
USC00035512;(250.0,172.0,211.0)
USC00035563;(200.0,217.0,228.0)
USC00035754;(106.0,111.0,72.0)
USC00035820;(250.0,189.0,250.0)
USC00035866;(289.0,289.0,294.0)
USC00036253;(217.0,217.0,228.0)
USC00036403;(106.0,200.0,106.0)
USC00036562;(278.0,128.0,156.0)
USC00036768;(256.0,167.0,217.0)
USC00036920;(261.0,111.0,150.0)
USC00036928;(217.0,189.0,228.0)
USC00037488;(211.0,161.0,122.0)
USC00037712;(294.0,300.0,272.0)
USC00037963;(222.0,206.0,211.0)
USC00040176;(361.0,350.0,333.0)
USC00040449;(256.0,250.0,233.0)
USC00040741;(83.0,44.0,83.0)
USC00040931;(250.0,111.0,167.0)
USC00041214;(256.0,244.0,161.0)
USC00041312;(178.0,133.0,122.0)
USC00041967;(233.0,233.0,233.0)
USC00042294;(300.0,233.0,233.0)
USC00042598;(317.0,311.0,300.0)
USC00043256;(317.0,328.0,278.0)
USC00043261;(306.0,311.0,283.0)
USC00043551;(194.0,178.0,139.0)
USC00043573;(261.0,233.0,133.0)
USC00043669;(222.0,233.0,267.0)
USC00043747;(306.0,239.0,194.0)
USC00044211;(211.0,172.0,200.0)
USC00044297;(350.0,344.0,311.0)
USC00044303;(244.0,211.0,217.0)
USC00044405;(261.0,244.0,167.0)
USC00044712;(322.0,289.0,239.0)
USC00044890;(339.0,294.0,289.0)
USC00045026;(178.0,178.0,183.0)
USC00045064;(200.0,233.0,233.0)
USC00045360;(311.0,333.0,356.0)
USC00045802;(167.0,222.0,150.0)
USC00045860;(272.0,256.0,150.0)
USC00045915;(250.0,217.0,194.0)
USC00045983;(289.0,289.0,272.0)
USC00046136;(256.0,244.0,189.0)
USC00046252;(289.0,183.0,189.0)
USC00046370;(161.0,161.0,150.0)
USC00046399;(278.0,267.0,261.0)
USC00046506;(311.0,267.0,289.0)
USC00046635;(333.0,306.0,322.0)
USC00046685;(278.0,228.0,283.0)
USC00046730;(283.0,222.0,189.0)
USC00046943;(228.0,211.0,211.0)
USC00047050;(200.0,211.0,250.0)
USC00047085;(233.0,256.0,250.0)
USC00047195;(278.0,289.0,294.0)
USC00047253;(289.0,289.0,289.0)
USC00047668;(167.0,178.0,183.0)
USC00047888;(239.0,222.0,233.0)
USC00047902;(217.0,189.0,183.0)
USC00047916;(200.0,167.0,233.0)
USC00048353;(283.0,311.0,317.0)
USC00048587;(272.0,228.0,228.0)
USC00048702;(228.0,233.0,167.0)
USC00049035;(183.0,161.0,178.0)
USC00049102;(344.0,333.0,250.0)
USC00049367;(300.0,250.0,233.0)
USC00049742;(300.0,322.0,289.0)
USC00049866;(178.0,178.0,167.0)
USC00050109;(106.0,-11.0,-67.0)
USC00050128;(156.0,189.0,194.0)
USC00050214;(161.0,200.0,183.0)
USC00050263;(56.0,67.0,89.0)
USC00050454;(50.0,94.0,189.0)
USC00050754;(106.0,150.0,183.0)
USC00050756;(128.0,-39.0,17.0)
USC00050848;(117.0,78.0,39.0)
USC00050950;(139.0,111.0,228.0)
USC00051071;(89.0,22.0,72.0)
USC00051121;(106.0,0.0,111.0)
USC00051186;(-61.0,-33.0,-33.0)
USC00051294;(-6.0,128.0,61.0)
USC00051528;(72.0,11.0,144.0)
USC00051660;(-39.0,-44.0,-33.0)
USC00051713;(156.0,161.0,33.0)
USC00051743;(139.0,172.0,206.0)
USC00051772;(89.0,122.0,83.0)
USC00051964;(156.0,150.0,144.0)
USC00051996;(117.0,156.0,6.0)
USC00052184;(194.0,200.0,161.0)
USC00052196;(233.0,233.0,189.0)
USC00052223;(106.0,144.0,183.0)
USC00052228;(122.0,56.0,83.0)
USC00052281;(44.0,50.0,106.0)
USC00052446;(122.0,122.0,117.0)
USC00052494;(122.0,167.0,178.0)
USC00052668;(122.0,133.0,189.0)
USC00052790;(78.0,111.0,144.0)
USC00053005;(150.0,89.0,22.0)
USC00053006;(78.0,83.0,94.0)
USC00053246;(233.0,250.0,283.0)
USC00053261;(56.0,78.0,56.0)
USC00053307;(178.0,211.0,233.0)
USC00053489;(72.0,94.0,94.0)
USC00053530;(50.0,56.0,106.0)
USC00053541;(28.0,22.0,22.0)
USC00053662;(0.0,144.0,200.0)
USC00053867;(117.0,178.0,189.0)
USC00054076;(133.0,156.0,167.0)
USC00054082;(106.0,144.0,172.0)
USC00054172;(117.0,156.0,22.0)
USC00054242;(156.0,144.0,156.0)
USC00054254;(167.0,206.0,233.0)
USC00054388;(139.0,172.0,122.0)
USC00054413;(150.0,122.0,128.0)
USC00054444;(122.0,133.0,172.0)
USC00054538;(217.0,261.0,44.0)
USC00054546;(189.0,222.0,128.0)
USC00054742;(61.0,89.0,150.0)
USC00054762;(106.0,144.0,161.0)
USC00055236;(156.0,183.0,139.0)
USC00055402;(111.0,128.0,106.0)
USC00055420;(128.0,156.0,156.0)
USC00055531;(133.0,100.0,28.0)
USC00055706;(144.0,139.0,178.0)
USC00055722;(150.0,178.0,172.0)
USC00055934;(100.0,133.0,239.0)
USC00055984;(189.0,183.0,-6.0)
USC00056136;(133.0,106.0,-50.0)
USC00056266;(122.0,244.0,189.0)
USC00056306;(144.0,167.0,122.0)
USC00056832;(117.0,189.0,233.0)
USC00057020;(133.0,178.0,228.0)
USC00057309;(56.0,-39.0,0.0)
USC00057317;(94.0,183.0,117.0)
USC00057586;(161.0,167.0,289.0)
USC00058022;(89.0,111.0,6.0)
USC00058157;(117.0,50.0,22.0)
USC00058429;(111.0,128.0,172.0)
USC00058436;(183.0,178.0,178.0)
USC00058690;(67.0,83.0,183.0)
USC00058756;(-28.0,11.0,22.0)
USC00058781;(150.0,72.0,50.0)
USC00058839;(183.0,144.0,50.0)
USC00058860;(133.0,122.0,61.0)
USC00058995;(100.0,117.0,178.0)
USC00059058;(111.0,156.0,194.0)
USC00059096;(133.0,172.0,156.0)
USC00059213;(94.0,139.0,239.0)
USC00059295;(100.0,144.0,178.0)
USC00060227;(178.0,22.0,0.0)
USC00060808;(222.0,172.0,144.0)
USC00065910;(139.0,139.0,11.0)
USC00067958;(150.0,167.0,128.0)
USC00068138;(244.0,211.0,206.0)
USC00069388;(167.0,33.0,78.0)
USC00080211;(244.0,183.0,250.0)
USC00080737;(272.0,317.0,311.0)
USC00080992;(333.0,317.0,328.0)
USC00081306;(256.0,306.0,283.0)
USC00081641;(339.0,300.0,300.0)
USC00082046;(300.0,311.0,306.0)
USC00082229;(328.0,289.0,294.0)
USC00082441;(306.0,306.0,300.0)
USC00082915;(306.0,272.0,317.0)
USC00083163;(350.0,350.0,350.0)
USC00083168;(306.0,306.0,306.0)
USC00083207;(306.0,328.0,339.0)
USC00083874;(306.0,272.0,233.0)
USC00083909;(311.0,317.0,322.0)
USC00084050;(256.0,289.0,300.0)
USC00084095;(239.0,261.0,294.0)
USC00084210;(328.0,339.0,356.0)
USC00084289;(322.0,289.0,306.0)
USC00084366;(267.0,272.0,239.0)
USC00084394;(267.0,278.0,261.0)
USC00084461;(317.0,322.0,322.0)
USC00084625;(328.0,300.0,283.0)
USC00084662;(333.0,328.0,333.0)
USC00084731;(289.0,222.0,267.0)
USC00085076;(317.0,289.0,311.0)
USC00085275;(272.0,211.0,167.0)
USC00085359;(311.0,311.0,317.0)
USC00085539;(167.0,211.0,172.0)
USC00085612;(328.0,306.0,317.0)
USC00085880;(256.0,217.0,161.0)
USC00085895;(350.0,338.5,328.0)
USC00086048;(333.0,333.0,333.0)
USC00086078;(311.0,306.0,306.0)
USC00086240;(250.0,239.0,222.0)
USC00086315;(322.0,317.0,322.0)
USC00086406;(333.0,339.0,344.0)
USC00086414;(306.0,328.0,311.0)
USC00086618;(322.0,278.0,228.0)
USC00086657;(328.0,317.0,333.0)
USC00086764;(311.0,306.0,250.0)
USC00087020;(344.0,344.0,333.0)
USC00087025;(283.0,289.0,272.0)
USC00087304;(333.0,306.0,306.0)
USC00087826;(289.0,289.0,244.0)
USC00087886;(317.0,306.0,306.0)
USC00087982;(322.0,322.0,306.0)
USC00088529;(306.0,261.0,294.0)
USC00088620;(333.0,339.0,350.0)
USC00088942;(322.0,294.0,267.0)
USC00089176;(294.0,306.0,322.0)
USC00090236;(267.0,261.0,267.0)
USC00090670;(300.0,300.0,217.0)
USC00091266;(150.0,111.0,150.0)
USC00091340;(300.0,283.0,278.0)
USC00091500;(133.0,72.0,167.0)
USC00091640;(222.0,222.0,183.0)
USC00091863;(250.0,233.0,233.0)
USC00092006;(150.0,172.0,106.0)
USC00092361;(233.0,239.0,250.0)
USC00092485;(206.0,244.0,244.0)
USC00092517;(250.0,167.0,150.0)
USC00092966;(256.0,211.0,222.0)
USC00093060;(183.0,139.0,144.0)
USC00093621;(189.0,128.0,150.0)
USC00093658;(261.0,200.0,133.0)
USC00094138;(206.0,233.0,272.0)
USC00094170;(189.0,117.0,139.0)
USC00094204;(256.0,222.0,272.0)
USC00094429;(261.0,161.0,194.0)
USC00094700;(244.0,261.0,122.0)
USC00094862;(250.0,261.0,289.0)
USC00095061;(167.0,189.0,189.0)
USC00095492;(272.0,217.0,156.0)
USC00095666;(239.0,272.0,233.0)
USC00095874;(222.0,217.0,267.0)
USC00096087;(256.0,211.0,244.0)
USC00096148;(239.0,261.0,233.0)
USC00096219;(311.0,317.0,317.0)
USC00096838;(178.0,133.0,244.0)
USC00097087;(233.0,194.0,217.0)
USC00097171;(239.0,122.0,272.0)
USC00097528;(267.0,183.0,189.0)
USC00097600;(178.0,200.0,61.0)
USC00097777;(189.0,189.0,250.0)
USC00097808;(261.0,211.0,194.0)
USC00097827;(222.0,222.0,211.0)
USC00098666;(261.0,283.0,300.0)
USC00098703;(117.0,200.0,150.0)
USC00098740;(178.0,189.0,189.0)
USC00098974;(267.0,222.0,228.0)
USC00099124;(200.0,217.0,117.0)
USC00099141;(222.0,233.0,222.0)
USC00099194;(294.0,167.0,94.0)
USC00099486;(161.0,72.0,39.0)
USC00099502;(294.0,311.0,211.0)
USC00100803;(161.0,72.0,139.0)
USC00101017;(217.0,244.0,217.0)
USC00101079;(211.0,206.0,222.0)
USC00101408;(250.0,256.0,239.0)
USC00102845;(228.0,261.0,272.0)
USC00103143;(233.0,244.0,217.0)
USC00104318;(117.0,133.0,133.0)
USC00104670;(228.0,156.0,161.0)
USC00105143;(211.0,150.0,67.0)
USC00105275;(156.0,100.0,122.0)
USC00105685;(189.0,217.0,272.0)
USC00105708;(172.0,189.0,189.0)
USC00105716;(150.0,89.0,144.0)
USC00106388;(128.0,111.0,167.0)
USC00106424;(144.0,117.0,128.0)
USC00106877;(161.0,144.0,183.0)
USC00107046;(206.0,161.0,22.0)
USC00107386;(200.0,206.0,200.0)
USC00108062;(78.0,128.0,222.0)
USC00108246;(217.0,239.0,128.0)
USC00108676;(167.0,161.0,89.0)
USC00108937;(167.0,172.0,156.0)
USC00109065;(94.0,139.0,167.0)
USC00109950;(178.0,211.0,222.0)
USC00110072;(244.0,100.0,156.0)
USC00110140;(228.0,106.0,89.0)
USC00110338;(222.0,106.0,178.0)
USC00110598;(311.0,289.0,278.0)
USC00110764;(161.0,189.0,189.0)
USC00110993;(222.0,217.0,272.0)
USC00111329;(178.0,144.0,67.0)
USC00111497;(100.0,183.0,189.0)
USC00111577;(133.0,72.0,117.0)
USC00112193;(194.0,294.0,200.0)
USC00112223;(128.0,67.0,72.0)
USC00112348;(178.0,11.0,-56.0)
USC00112500;(272.0,150.0,144.0)
USC00112687;(67.0,206.0,178.0)
USC00112736;(89.0,28.0,44.0)
USC00112745;(94.0,156.0,72.0)
USC00113106;(178.0,206.0,200.0)
USC00113262;(211.0,239.0,250.0)
USC00113312;(233.0,183.0,233.0)
USC00113320;(261.0,267.0,267.0)
USC00113384;(128.0,144.0,144.0)
USC00113455;(278.0,256.0,283.0)
USC00114198;(189.0,122.0,172.0)
USC00114355;(211.0,272.0,272.0)
USC00114400;(156.0,133.0,161.0)
USC00114447;(178.0,261.0,300.0)
USC00114530;(217.0,100.0,111.0)
USC00114603;(194.0,106.0,94.0)
USC00114710;(206.0,94.0,56.0)
USC00114780;(244.0,272.0,289.0)
USC00114823;(267.0,106.0,128.0)
USC00115079;(156.0,217.0,206.0)
USC00115372;(189.0,100.0,44.0)
USC00115712;(200.0,56.0,122.0)
USC00115772;(244.0,211.0,206.0)
USC00115825;(217.0,250.0,217.0)
USC00115943;(194.0,206.0,183.0)
USC00115961;(183.0,94.0,200.0)
USC00116011;(161.0,150.0,172.0)
USC00116025;(211.0,156.0,200.0)
USC00116080;(233.0,250.0,250.0)
USC00116200;(283.0,289.0,278.0)
USC00116344;(261.0,283.0,300.0)
USC00116446;(183.0,156.0,167.0)
USC00116526;(161.0,161.0,239.0)
USC00116579;(200.0,83.0,72.0)
USC00116616;(217.0,206.0,167.0)
USC00116661;(256.0,256.0,100.0)
USC00116663;(167.0,111.0,172.0)
USC00116738;(233.0,200.0,183.0)
USC00116837;(233.0,233.0,233.0)
USC00116910;(189.0,122.0,189.0)
USC00116970;(200.0,128.0,-83.0)
USC00116998;(250.0,250.0,250.0)
USC00117126;(128.0,89.0,39.0)
USC00117457;(256.0,283.0,306.0)
USC00117487;(261.0,250.0,50.0)
USC00117551;(222.0,183.0,211.0)
USC00117952;(167.0,167.0,222.0)
USC00118020;(206.0,172.0,189.0)
USC00118186;(167.0,217.0,294.0)
USC00118293;(156.0,194.0,61.0)
USC00118389;(122.0,178.0,72.0)
USC00118634;(106.0,150.0,61.0)
USC00118684;(156.0,189.0,211.0)
USC00118740;(133.0,178.0,122.0)
USC00120200;(283.0,194.0,244.0)
USC00120784;(178.0,128.0,161.0)
USC00120830;(167.0,217.0,111.0)
USC00121030;(200.0,167.0,83.0)
USC00121326;(150.0,167.0,194.0)
USC00121873;(156.0,133.0,128.0)
USC00122096;(183.0,211.0,217.0)
USC00122620;(189.0,150.0,150.0)
USC00122814;(139.0,122.0,228.0)
USC00122825;(200.0,67.0,44.0)
USC00123078;(256.0,256.0,256.0)
USC00123082;(150.0,122.0,161.0)
USC00123091;(183.0,156.0,211.0)
USC00123418;(144.0,117.0,50.0)
USC00123527;(172.0,56.0,-56.0)
USC00123547;(156.0,167.0,44.0)
USC00123777;(172.0,139.0,111.0)
USC00124181;(117.0,-6.0,11.0)
USC00124244;(222.0,156.0,194.0)
USC00124657;(233.0,261.0,267.0)
USC00124662;(144.0,94.0,128.0)
USC00124837;(233.0,250.0,250.0)
USC00125174;(122.0,172.0,211.0)
USC00125337;(239.0,200.0,167.0)
USC00125407;(256.0,250.0,206.0)
USC00126001;(194.0,183.0,133.0)
USC00126164;(172.0,189.0,161.0)
USC00126580;(283.0,250.0,244.0)
USC00126705;(256.0,278.0,267.0)
USC00126830;(156.0,122.0,39.0)
USC00126989;(178.0,150.0,122.0)
USC00127298;(189.0,106.0,244.0)
USC00127370;(178.0,233.0,267.0)
USC00128036;(272.0,289.0,256.0)
USC00128290;(183.0,206.0,228.0)
USC00128442;(228.0,100.0,156.0)
USC00128698;(300.0,300.0,311.0)
USC00128723;(278.0,294.0,261.0)
USC00128784;(161.0,139.0,50.0)
USC00129222;(133.0,150.0,100.0)
USC00129253;(194.0,200.0,228.0)
USC00129430;(261.0,211.0,117.0)
USC00129724;(117.0,106.0,106.0)
USC00130112;(194.0,122.0,117.0)
USC00130133;(117.0,206.0,261.0)
USC00130241;(172.0,122.0,139.0)
USC00130385;(133.0,189.0,244.0)
USC00130536;(194.0,83.0,78.0)
USC00130576;(106.0,94.0,89.0)
USC00130753;(250.0,139.0,-28.0)
USC00130807;(256.0,17.0,-122.0)
USC00130923;(167.0,183.0,206.0)
USC00131233;(133.0,11.0,-6.0)
USC00131257;(244.0,94.0,139.0)
USC00131277;(200.0,289.0,261.0)
USC00131319;(183.0,117.0,111.0)
USC00131533;(144.0,150.0,167.0)
USC00131635;(133.0,200.0,206.0)
USC00131705;(206.0,94.0,161.0)
USC00131954;(239.0,-22.0,-17.0)
USC00132041;(161.0,211.0,156.0)
USC00132110;(133.0,172.0,211.0)
USC00132171;(128.0,6.0,17.0)
USC00132209;(156.0,183.0,133.0)
USC00132299;(206.0,217.0,156.0)
USC00132364;(106.0,133.0,167.0)
USC00132603;(256.0,250.0,72.0)
USC00132689;(133.0,106.0,50.0)
USC00132864;(156.0,33.0,6.0)
USC00132977;(206.0,61.0,183.0)
USC00132999;(150.0,128.0,78.0)
USC00133007;(211.0,183.0,28.0)
USC00133288;(200.0,267.0,161.0)
USC00133473;(150.0,11.0,100.0)
USC00133487;(244.0,261.0,311.0)
USC00133509;(153.66666666666666,128.0,167.0)
USC00133584;(278.0,267.0,200.0)
USC00133909;(117.0,111.0,100.0)
USC00134063;(178.0,83.0,117.0)
USC00134142;(206.0,178.0,244.0)
USC00134228;(72.0,-83.0,-17.0)
USC00134381;(261.0,122.0,-89.0)
USC00134705;(233.0,33.0,117.0)
USC00134874;(233.0,150.0,233.0)
USC00134894;(189.0,28.0,28.0)
USC00134963;(156.0,172.0,172.0)
USC00135086;(161.0,167.0,194.0)
USC00135123;(233.0,206.0,217.0)
USC00135131;(228.0,211.0,206.0)
USC00135198;(161.0,222.0,128.0)
USC00135230;(161.0,183.0,156.0)
USC00135769;(189.0,56.0,117.0)
USC00135796;(139.0,117.0,111.0)
USC00135952;(161.0,67.0,111.0)
USC00135992;(189.0,122.0,50.0)
USC00136305;(156.0,167.0,133.0)
USC00136316;(183.0,33.0,17.0)
USC00136327;(250.0,117.0,133.0)
USC00136566;(172.0,128.0,178.0)
USC00136719;(150.0,89.0,106.0)
USC00136940;(172.0,144.0,117.0)
USC00137147;(128.0,233.0,261.0)
USC00137161;(167.0,122.0,161.0)
USC00137312;(133.0,117.0,200.0)
USC00137594;(156.0,156.0,144.0)
USC00137613;(133.0,144.0,194.0)
USC00137664;(-6.0,-44.0,-117.0)
USC00137669;(122.0,178.0,228.0)
USC00137700;(144.0,133.0,150.0)
USC00137859;(72.0,211.0,139.0)
USC00137892;(300.0,283.0,311.0)
USC00137979;(117.0,117.0,117.0)
USC00138296;(156.0,56.0,44.0)
USC00138339;(156.0,206.0,133.0)
USC00138568;(200.0,194.0,217.0)
USC00138688;(217.0,156.0,183.0)
USC00138806;(172.0,67.0,44.0)
USC00139067;(217.0,228.0,239.0)
USC00140200;(139.0,161.0,239.0)
USC00140365;(222.0,289.0,267.0)
USC00140439;(267.0,211.0,200.0)
USC00140482;(139.0,144.0,217.0)
USC00140682;(239.0,278.0,156.0)
USC00140693;(161.0,22.0,28.0)
USC00140810;(233.0,167.0,117.0)
USC00140957;(39.0,72.0,61.0)
USC00141351;(56.0,89.0,122.0)
USC00141559;(133.0,150.0,217.0)
USC00141673;(183.0,194.0,217.0)
USC00141699;(128.0,150.0,150.0)
USC00141740;(167.0,233.0,228.0)
USC00141761;(78.0,206.0,222.0)
USC00141858;(144.0,100.0,94.0)
USC00141867;(256.0,250.0,278.0)
USC00141874;(122.0,161.0,156.0)
USC00142401;(200.0,261.0,256.0)
USC00142432;(150.0,167.0,206.0)
USC00142548;(233.0,256.0,189.0)
USC00142835;(233.0,250.0,156.0)
USC00142980;(217.0,250.0,317.0)
USC00143074;(50.0,22.0,106.0)
USC00143218;(139.0,172.0,228.0)
USC00143523;(150.0,194.0,267.0)
USC00143527;(139.0,178.0,239.0)
USC00143545;(189.0,178.0,256.0)
USC00143554;(272.0,306.0,350.0)
USC00143594;(167.0,156.0,228.0)
USC00143634;(133.0,111.0,239.0)
USC00143759;(239.0,217.0,244.0)
USC00143822;(183.0,150.0,128.0)
USC00143867;(94.0,156.0,189.0)
USC00143929;(128.0,139.0,139.0)
USC00143954;(156.0,211.0,250.0)
USC00143984;(200.0,161.0,106.0)
USC00144178;(139.0,183.0,239.0)
USC00144531;(167.0,167.0,250.0)
USC00144695;(150.0,194.0,267.0)
USC00144712;(211.0,128.0,228.0)
USC00144972;(150.0,111.0,128.0)
USC00145063;(133.0,83.0,111.0)
USC00145152;(194.0,156.0,33.0)
USC00145363;(144.0,172.0,156.0)
USC00145692;(317.0,378.0,411.0)
USC00145744;(178.0,172.0,217.0)
USC00145888;(206.0,6.0,50.0)
USC00145906;(272.0,122.0,78.0)
USC00146076;(194.0,150.0,194.0)
USC00146333;(22.0,-28.0,0.0)
USC00146414;(272.0,233.0,244.0)
USC00146808;(78.0,200.0,161.0)
USC00147050;(128.0,161.0,100.0)
USC00147305;(261.0,100.0,178.0)
USC00147542;(139.0,167.0,239.0)
USC00147796;(144.0,167.0,72.0)
USC00147922;(167.0,261.0,278.0)
USC00148061;(150.0,189.0,233.0)
USC00148235;(111.0,156.0,239.0)
USC00148240;(122.0,178.0,150.0)
USC00148259;(78.0,172.0,194.0)
USC00148287;(244.0,267.0,294.0)
USC00148341;(128.0,94.0,94.0)
USC00148535;(122.0,161.0,117.0)
USC00148563;(-17.0,17.0,17.0)
USC00148578;(11.0,6.0,61.0)
USC00148670;(122.0,100.0,194.0)
USC00148946;(144.0,183.0,122.0)
USC00150422;(289.0,56.0,-11.0)
USC00150450;(200.0,217.0,61.0)
USC00150483;(211.0,50.0,139.0)
USC00150860;(128.0,61.0,139.0)
USC00150955;(272.0,156.0,178.0)
USC00151080;(267.0,239.0,122.0)
USC00151227;(233.0,272.0,183.0)
USC00151318;(222.0,239.0,306.0)
USC00151810;(267.0,161.0,194.0)
USC00151895;(117.0,83.0,61.0)
USC00152791;(200.0,183.0,183.0)
USC00152903;(183.0,250.0,261.0)
USC00153230;(267.0,272.0,278.0)
USC00153762;(211.0,94.0,128.0)
USC00153768;(161.0,189.0,206.0)
USC00153929;(183.0,239.0,217.0)
USC00154138;(217.0,294.0,244.0)
USC00154375;(239.0,217.0,239.0)
USC00154848;(250.0,172.0,228.0)
USC00154955;(228.0,178.0,211.0)
USC00154958;(239.0,233.0,256.0)
USC00155280;(233.0,150.0,-11.0)
USC00155444;(272.0,272.0,217.0)
USC00155640;(206.0,172.0,161.0)
USC00155648;(194.0,272.0,256.0)
USC00155834;(228.0,211.0,289.0)
USC00156012;(194.0,111.0,133.0)
USC00156136;(206.0,22.0,22.0)
USC00156882;(278.0,161.0,61.0)
USC00156988;(239.0,67.0,67.0)
USC00157049;(250.0,200.0,28.0)
USC00157215;(222.0,244.0,250.0)
USC00157431;(211.0,233.0,256.0)
USC00157652;(211.0,183.0,217.0)
USC00158432;(206.0,183.0,194.0)
USC00158555;(133.0,56.0,94.0)
USC00160098;(189.0,144.0,172.0)
USC00160103;(167.0,189.0,189.0)
USC00160718;(261.0,211.0,56.0)
USC00160800;(228.0,244.0,89.0)
USC00161232;(272.0,261.0,278.0)
USC00161287;(261.0,133.0,122.0)
USC00161411;(272.0,128.0,150.0)
USC00161565;(250.0,128.0,128.0)
USC00161979;(261.0,144.0,178.0)
USC00162367;(172.0,122.0,17.0)
USC00162534;(233.0,239.0,267.0)
USC00163079;(267.0,222.0,200.0)
USC00163313;(222.0,183.0,222.0)
USC00163800;(261.0,233.0,222.0)
USC00163979;(294.0,250.0,217.0)
USC00164674;(244.0,183.0,178.0)
USC00164696;(78.0,56.0,61.0)
USC00164700;(172.0,150.0,250.0)
USC00164739;(150.0,211.0,211.0)
USC00165065;(256.0,239.0,228.0)
USC00165090;(267.0,250.0,256.0)
USC00165266;(233.0,183.0,206.0)
USC00165296;(139.0,172.0,167.0)
USC00166364;(139.0,206.0,228.0)
USC00166394;(261.0,250.0,194.0)
USC00166434;(272.0,278.0,144.0)
USC00166584;(122.0,200.0,272.0)
USC00166686;(133.0,111.0,183.0)
USC00167738;(128.0,122.0,178.0)
USC00168163;(228.0,117.0,133.0)
USC00168444;(233.0,250.0,172.0)
USC00168448;(211.0,239.0,189.0)
USC00168941;(267.0,272.0,278.0)
USC00169013;(239.0,256.0,267.0)
USC00169804;(283.0,278.0,94.0)
USC00170217;(117.0,56.0,128.0)
USC00170409;(167.0,44.0,39.0)
USC00170844;(156.0,200.0,156.0)
USC00171131;(94.0,122.0,94.0)
USC00171628;(133.0,111.0,44.0)
USC00171975;(-50.0,-50.0,-50.0)
USC00172048;(144.0,161.0,150.0)
USC00172440;(144.0,178.0,200.0)
USC00172700;(128.0,178.0,122.0)
USC00172878;(144.0,222.0,189.0)
USC00173353;(194.0,194.0,194.0)
USC00173567;(217.0,256.0,228.0)
USC00173570;(156.0,156.0,156.0)
USC00173862;(150.0,194.0,133.0)
USC00174086;(11.0,150.0,222.0)
USC00174550;(139.0,150.0,100.0)
USC00174745;(156.0,78.0,139.0)
USC00175305;(117.0,117.0,133.0)
USC00175736;(244.0,250.0,206.0)
USC00176707;(128.0,178.0,117.0)
USC00176721;(106.0,122.0,111.0)
USC00176856;(83.0,122.0,217.0)
USC00177037;(178.0,111.0,106.0)
USC00177238;(122.0,-89.0,-28.0)
USC00177336;(128.0,61.0,106.0)
USC00178792;(56.0,106.0,156.0)
USC00178817;(61.0,94.0,144.0)
USC00178965;(94.0,122.0,-72.0)
USC00179151;(122.0,144.0,167.0)
USC00179593;(156.0,178.0,117.0)
USC00179720;(156.0,100.0,83.0)
USC00182282;(217.0,178.0,200.0)
USC00182336;(167.0,222.0,206.0)
USC00183415;(111.0,50.0,11.0)
USC00185865;(206.0,261.0,272.0)
USC00185934;(178.0,67.0,133.0)
USC00186350;(233.0,239.0,133.0)
USC00186800;(189.0,189.0,228.0)
USC00188065;(233.0,256.0,233.0)
USC00188207;(194.0,133.0,261.0)
USC00188557;(189.0,172.0,189.0)
USC00190120;(178.0,89.0,72.0)
USC00190190;(233.0,244.0,267.0)
USC00190408;(100.0,139.0,139.0)
USC00190593;(144.0,111.0,183.0)
USC00190666;(167.0,167.0,167.0)
USC00190840;(122.0,100.0,6.0)
USC00190860;(156.0,100.0,189.0)
USC00190998;(122.0,78.0,139.0)
USC00191386;(100.0,67.0,17.0)
USC00192107;(211.0,183.0,217.0)
USC00193624;(222.0,133.0,39.0)
USC00194313;(161.0,156.0,167.0)
USC00194502;(100.0,89.0,122.0)
USC00194711;(128.0,172.0,178.0)
USC00195285;(117.0,283.0,167.0)
USC00196938;(144.0,161.0,183.0)
USC00198573;(183.0,94.0,83.0)
USC00198757;(44.0,22.0,33.0)
USC00199891;(128.0,139.0,128.0)
USC00199972;(172.0,139.0,94.0)
USC00200146;(133.0,56.0,17.0)
USC00200197;(133.0,211.0,244.0)
USC00200228;(139.0,167.0,167.0)
USC00200417;(161.0,206.0,156.0)
USC00200758;(217.0,156.0,133.0)
USC00200779;(-11.0,28.0,72.0)
USC00200925;(172.0,72.0,156.0)
USC00201150;(17.0,-44.0,-6.0)
USC00201178;(183.0,228.0,250.0)
USC00201250;(172.0,150.0,211.0)
USC00201299;(78.0,83.0,183.0)
USC00201361;(56.0,39.0,39.0)
USC00201435;(228.0,233.0,222.0)
USC00201468;(89.0,94.0,128.0)
USC00201486;(122.0,150.0,167.0)
USC00201492;(17.0,-39.0,-39.0)
USC00201502;(239.0,239.0,239.0)
USC00201675;(244.0,206.0,256.0)
USC00201818;(128.0,200.0,228.0)
USC00202015;(144.0,161.0,228.0)
USC00202016;(200.0,228.0,272.0)
USC00202094;(122.0,67.0,128.0)
USC00202250;(183.0,150.0,189.0)
USC00202308;(156.0,111.0,167.0)
USC00202328;(-17.0,83.0,128.0)
USC00202423;(0.0,-44.0,-83.0)
USC00202598;(150.0,128.0,133.0)
USC00202691;(144.0,167.0,178.0)
USC00203025;(178.0,144.0,128.0)
USC00203096;(150.0,17.0,39.0)
USC00203188;(144.0,128.0,161.0)
USC00203278;(206.0,167.0,194.0)
USC00203421;(156.0,22.0,72.0)
USC00203477;(111.0,28.0,39.0)
USC00203632;(267.0,239.0,211.0)
USC00203661;(200.0,106.0,6.0)
USC00203712;(167.0,200.0,211.0)
USC00203823;(178.0,233.0,206.0)
USC00204104;(194.0,50.0,-17.0)
USC00204161;(56.0,56.0,56.0)
USC00204257;(139.0,117.0,117.0)
USC00204258;(167.0,139.0,83.0)
USC00204502;(222.0,250.0,233.0)
USC00204655;(44.0,28.0,106.0)
USC00204659;(161.0,183.0,161.0)
USC00204793;(178.0,150.0,11.0)
USC00204808;(167.0,172.0,278.0)
USC00204967;(250.0,261.0,272.0)
USC00205050;(200.0,250.0,233.0)
USC00205073;(72.0,67.0,67.0)
USC00205390;(233.0,211.0,200.0)
USC00205434;(256.0,267.0,267.0)
USC00205451;(167.0,172.0,167.0)
USC00205533;(150.0,128.0,139.0)
USC00205591;(83.0,61.0,56.0)
USC00205603;(167.0,167.0,83.0)
USC00205690;(106.0,-39.0,-17.0)
USC00205816;(17.0,-44.0,-11.0)
USC00205822;(144.0,167.0,250.0)
USC00205892;(111.0,111.0,161.0)
USC00206007;(211.0,261.0,217.0)
USC00206012;(189.0,100.0,161.0)
USC00206080;(211.0,306.0,361.0)
USC00206507;(122.0,83.0,-94.0)
USC00206510;(200.0,178.0,222.0)
USC00206658;(161.0,100.0,228.0)
USC00206680;(89.0,50.0,139.0)
USC00206982;(250.0,333.0,206.0)
USC00207222;(83.0,178.0,194.0)
USC00207225;(172.0,200.0,200.0)
USC00207275;(50.0,206.0,128.0)
USC00207350;(44.0,33.0,-17.0)
USC00207364;(89.0,72.0,117.0)
USC00207684;(183.0,106.0,144.0)
USC00207812;(111.0,106.0,144.0)
USC00208080;(178.0,172.0,250.0)
USC00208184;(206.0,150.0,206.0)
USC00208202;(183.0,161.0,222.0)
USC00208249;(106.0,89.0,117.0)
USC00208443;(189.0,11.0,61.0)
USC00208774;(261.0,294.0,272.0)
USC00208800;(156.0,-17.0,39.0)
USC00210018;(189.0,194.0,194.0)
USC00210075;(94.0,161.0,161.0)
USC00210287;(83.0,44.0,50.0)
USC00210355;(167.0,172.0,167.0)
USC00210939;(100.0,172.0,178.0)
USC00210989;(100.0,161.0,189.0)
USC00211063;(100.0,89.0,172.0)
USC00211198;(233.0,150.0,100.0)
USC00211250;(172.0,94.0,217.0)
USC00211374;(228.0,250.0,294.0)
USC00211691;(183.0,183.0,183.0)
USC00211771;(183.0,206.0,128.0)
USC00211840;(33.0,83.0,111.0)
USC00212500;(128.0,200.0,233.0)
USC00212555;(122.0,139.0,233.0)
USC00212645;(61.0,122.0,61.0)
USC00212842;(233.0,217.0,228.0)
USC00212881;(156.0,39.0,78.0)
USC00213290;(228.0,150.0,261.0)
USC00214077;(0.0,28.0,111.0)
USC00214093;(89.0,178.0,194.0)
USC00214176;(156.0,56.0,61.0)
USC00214191;(94.0,89.0,94.0)
USC00214373;(94.0,106.0,139.0)
USC00214453;(222.0,256.0,261.0)
USC00214534;(117.0,44.0,61.0)
USC00214652;(206.0,156.0,183.0)
USC00214861;(250.0,217.0,228.0)
USC00214884;(244.0,261.0,233.0)
USC00214994;(122.0,156.0,189.0)
USC00215204;(128.0,194.0,222.0)
USC00215392;(-94.0,-83.0,6.0)
USC00215400;(222.0,233.0,194.0)
USC00215488;(194.0,228.0,250.0)
USC00215563;(317.0,206.0,200.0)
USC00215586;(233.0,161.0,106.0)
USC00215615;(122.0,78.0,-33.0)
USC00215638;(100.0,117.0,117.0)
USC00215838;(67.0,89.0,139.0)
USC00215989;(72.0,6.0,17.0)
USC00216287;(156.0,172.0,183.0)
USC00216547;(-44.0,228.0,244.0)
USC00216612;(94.0,83.0,111.0)
USC00216654;(144.0,172.0,167.0)
USC00216822;(189.0,261.0,267.0)
USC00216839;(133.0,61.0,167.0)
USC00216920;(144.0,211.0,189.0)
USC00218227;(6.0,0.0,-11.0)
USC00218254;(217.0,211.0,233.0)
USC00218311;(61.0,-22.0,6.0)
USC00218477;(272.0,278.0,261.0)
USC00218692;(161.0,178.0,194.0)
USC00218808;(161.0,61.0,111.0)
USC00218907;(117.0,56.0,61.0)
USC00218986;(183.0,250.0,228.0)
USC00219001;(228.0,167.0,250.0)
USC00219072;(56.0,22.0,28.0)
USC00219173;(211.0,117.0,67.0)
USC00219249;(178.0,178.0,217.0)
USC00220290;(272.0,294.0,306.0)
USC00220792;(283.0,250.0,267.0)
USC00221852;(244.0,261.0,267.0)
USC00221865;(289.0,289.0,222.0)
USC00221962;(233.0,72.0,161.0)
USC00223645;(267.0,244.0,211.0)
USC00223887;(294.0,128.0,211.0)
USC00223975;(244.0,244.0,206.0)
USC00224001;(94.0,100.0,78.0)
USC00224377;(217.0,56.0,67.0)
USC00224869;(267.0,311.0,300.0)
USC00226009;(228.0,233.0,272.0)
USC00226177;(200.0,261.0,172.0)
USC00226527;(100.0,178.0,228.0)
USC00226894;(267.0,239.0,117.0)
USC00227111;(200.0,222.0,200.0)
USC00227560;(289.0,78.0,150.0)
USC00228374;(206.0,206.0,206.0)
USC00229004;(244.0,150.0,189.0)
USC00229230;(89.0,89.0,89.0)
USC00229743;(233.0,233.0,206.0)
USC00229860;(144.0,161.0,133.0)
USC00230051;(50.0,83.0,11.0)
USC00230143;(239.0,239.0,150.0)
USC00230204;(194.0,128.0,228.0)
USC00230304;(200.0,144.0,172.0)
USC00230360;(233.0,189.0,311.0)
USC00230542;(156.0,167.0,200.0)
USC00230608;(106.0,228.0,228.0)
USC00230856;(183.0,122.0,144.0)
USC00230980;(206.0,111.0,150.0)
USC00231087;(189.0,167.0,178.0)
USC00231145;(261.0,272.0,150.0)
USC00231640;(206.0,-11.0,22.0)
USC00231711;(217.0,211.0,261.0)
USC00231748;(117.0,172.0,178.0)
USC00231801;(150.0,-28.0,89.0)
USC00231822;(156.0,139.0,83.0)
USC00231924;(172.0,172.0,128.0)
USC00232240;(72.0,94.0,150.0)
USC00232318;(217.0,122.0,194.0)
USC00232511;(183.0,200.0,78.0)
USC00232568;(244.0,294.0,267.0)
USC00232619;(228.0,233.0,211.0)
USC00232850;(150.0,44.0,22.0)
USC00233043;(267.0,122.0,72.0)
USC00233102;(183.0,144.0,139.0)
USC00233375;(211.0,189.0,172.0)
USC00233416;(211.0,161.0,122.0)
USC00234019;(250.0,167.0,61.0)
USC00234154;(122.0,139.0,172.0)
USC00234271;(228.0,228.0,228.0)
USC00234544;(172.0,156.0,239.0)
USC00234911;(244.0,256.0,211.0)
USC00234982;(206.0,217.0,222.0)
USC00235027;(261.0,261.0,228.0)
USC00235307;(6.0,72.0,167.0)
USC00235340;(133.0,194.0,156.0)
USC00235492;(200.0,300.0,294.0)
USC00235671;(189.0,133.0,50.0)
USC00235987;(200.0,172.0,178.0)
USC00236012;(283.0,228.0,11.0)
USC00236641;(213.125,189.0,200.0)
USC00236826;(172.0,56.0,139.0)
USC00237051;(200.0,156.0,206.0)
USC00237116;(194.0,122.0,100.0)
USC00237263;(206.0,150.0,200.0)
USC00237300;(178.0,128.0,178.0)
USC00237398;(189.0,139.0,167.0)
USC00237452;(256.0,261.0,261.0)
USC00237475;(178.0,200.0,222.0)
USC00237632;(178.0,189.0,244.0)
USC00237720;(200.0,122.0,211.0)
USC00237963;(194.0,128.0,172.0)
USC00238051;(211.0,128.0,139.0)
USC00238223;(183.0,106.0,72.0)
USC00238444;(272.0,256.0,233.0)
USC00238526;(239.0,250.0,189.0)
USC00238577;(167.0,139.0,128.0)
USC00238712;(206.0,156.0,267.0)
USC00238740;(206.0,150.0,128.0)
USC00238746;(189.0,144.0,222.0)
USC00238805;(200.0,-11.0,-22.0)
USC00239034;(200.0,144.0,117.0)
USC00239056;(211.0,183.0,211.0)
USC00240056;(133.0,172.0,194.0)
USC00240075;(211.0,256.0,200.0)
USC00240743;(100.0,78.0,33.0)
USC00240780;(89.0,183.0,67.0)
USC00240801;(172.0,206.0,83.0)
USC00241084;(150.0,178.0,217.0)
USC00241127;(133.0,67.0,6.0)
USC00241169;(-22.0,56.0,-117.0)
USC00241342;(106.0,139.0,150.0)
USC00241722;(144.0,189.0,161.0)
USC00241737;(83.0,139.0,117.0)
USC00241758;(78.0,72.0,0.0)
USC00241905;(100.0,128.0,167.0)
USC00241938;(200.0,133.0,94.0)
USC00242122;(228.0,211.0,233.0)
USC00242409;(183.0,172.0,161.0)
USC00242550;(44.0,106.0,206.0)
USC00242689;(111.0,128.0,156.0)
USC00242793;(150.0,183.0,172.0)
USC00243098;(156.0,161.0,139.0)
USC00243110;(133.0,189.0,239.0)
USC00243113;(122.0,144.0,94.0)
USC00243581;(133.0,117.0,144.0)
USC00243617;(-11.0,167.0,217.0)
USC00243727;(106.0,167.0,100.0)
USC00243749;(189.0,189.0,217.0)
USC00243753;(78.0,106.0,161.0)
USC00243885;(133.0,133.0,167.0)
USC00243915;(122.0,156.0,194.0)
USC00244084;(206.0,206.0,183.0)
USC00244241;(194.0,222.0,200.0)
USC00244345;(189.0,233.0,228.0)
USC00244358;(122.0,122.0,206.0)
USC00244364;(111.0,217.0,28.0)
USC00244386;(128.0,156.0,194.0)
USC00244506;(111.0,172.0,56.0)
USC00244538;(89.0,150.0,56.0)
USC00244545;(89.0,144.0,206.0)
USC00245011;(194.0,222.0,139.0)
USC00245080;(228.0,244.0,183.0)
USC00245153;(156.0,206.0,156.0)
USC00245603;(144.0,217.0,156.0)
USC00245712;(156.0,156.0,239.0)
USC00245740;(211.0,233.0,222.0)
USC00245754;(111.0,111.0,178.0)
USC00245870;(117.0,183.0,189.0)
USC00245961;(56.0,67.0,67.0)
USC00246007;(144.0,117.0,111.0)
USC00246472;(150.0,178.0,172.0)
USC00246586;(122.0,111.0,261.0)
USC00246601;(17.0,156.0,100.0)
USC00246640;(194.0,167.0,167.0)
USC00246647;(111.0,156.0,133.0)
USC00246862;(167.0,194.0,211.0)
USC00246918;(156.0,256.0,222.0)
USC00247034;(183.0,267.0,150.0)
USC00247214;(89.0,56.0,44.0)
USC00247220;(122.0,-22.0,-11.0)
USC00247247;(89.0,161.0,100.0)
USC00247248;(122.0,172.0,244.0)
USC00247263;(100.0,178.0,217.0)
USC00247560;(167.0,211.0,189.0)
USC00248211;(267.0,250.0,239.0)
USC00248324;(72.0,61.0,56.0)
USC00248415;(61.0,200.0,228.0)
USC00248498;(133.0,94.0,22.0)
USC00248783;(211.0,94.0,111.0)
USC00248858;(111.0,139.0,-22.0)
USC00248957;(56.0,67.0,44.0)
USC00249067;(172.0,189.0,183.0)
USC00249187;(217.0,100.0,78.0)
USC00249900;(89.0,150.0,167.0)
USC00250030;(156.0,144.0,206.0)
USC00250050;(150.0,94.0,206.0)
USC00250070;(128.0,133.0,206.0)
USC00250130;(83.0,261.0,206.0)
USC00250365;(128.0,89.0,78.0)
USC00250435;(139.0,144.0,83.0)
USC00251361;(44.0,100.0,156.0)
USC00251365;(172.0,150.0,172.0)
USC00251408;(117.0,133.0,139.0)
USC00251450;(150.0,133.0,117.0)
USC00251560;(156.0,206.0,194.0)
USC00251590;(33.0,56.0,217.0)
USC00251825;(133.0,172.0,244.0)
USC00252020;(156.0,244.0,261.0)
USC00252037;(139.0,244.0,283.0)
USC00252065;(206.0,250.0,317.0)
USC00252145;(94.0,150.0,217.0)
USC00252205;(89.0,183.0,256.0)
USC00252560;(211.0,211.0,211.0)
USC00252595;(189.0,89.0,111.0)
USC00252790;(244.0,233.0,233.0)
USC00252820;(44.0,6.0,122.0)
USC00252980;(117.0,44.0,106.0)
USC00253037;(56.0,144.0,200.0)
USC00253050;(94.0,200.0,67.0)
USC00253175;(-106.0,-50.0,-56.0)
USC00253425;(228.0,256.0,239.0)
USC00253467;(128.0,-33.0,100.0)
USC00253605;(100.0,128.0,0.0)
USC00253630;(106.0,133.0,50.0)
USC00253735;(33.0,78.0,39.0)
USC00253910;(172.0,89.0,111.0)
USC00254110;(117.0,139.0,189.0)
USC00254335;(261.0,178.0,94.0)
USC00254455;(100.0,-17.0,-56.0)
USC00254903;(111.0,133.0,67.0)
USC00254985;(150.0,144.0,122.0)
USC00255250;(139.0,211.0,139.0)
USC00255362;(156.0,178.0,200.0)
USC00255565;(128.0,144.0,122.0)
USC00255700;(194.0,117.0,228.0)
USC00255925;(128.0,-83.0,-28.0)
USC00255997;(128.0,172.0,78.0)
USC00256075;(117.0,133.0,228.0)
USC00256135;(122.0,150.0,83.0)
USC00256200;(272.0,17.0,-22.0)
USC00256290;(172.0,150.0,-78.0)
USC00256375;(161.0,139.0,128.0)
USC00256570;(144.0,83.0,94.0)
USC00257040;(294.0,261.0,306.0)
USC00257055;(133.0,144.0,83.0)
USC00257715;(183.0,144.0,83.0)
USC00258040;(100.0,61.0,172.0)
USC00258320;(128.0,150.0,256.0)
USC00258395;(150.0,200.0,139.0)
USC00258410;(122.0,194.0,178.0)
USC00258465;(228.0,278.0,294.0)
USC00258628;(161.0,200.0,133.0)
USC00258806;(272.0,367.0,294.0)
USC00258915;(183.0,106.0,178.0)
USC00259045;(189.0,244.0,89.0)
USC00259193;(122.0,228.0,261.0)
USC00259200;(122.0,111.0,211.0)
USC00261358;(278.0,256.0,261.0)
USC00261590;(267.0,294.0,300.0)
USC00262119;(122.0,172.0,172.0)
USC00262431;(244.0,267.0,272.0)
USC00262570;(222.0,144.0,33.0)
USC00262708;(200.0,206.0,22.0)
USC00264698;(256.0,189.0,167.0)
USC00264950;(139.0,33.0,83.0)
USC00265087;(372.0,383.0,400.0)
USC00265191;(256.0,267.0,278.0)
USC00265194;(261.0,278.0,272.0)
USC00265371;(206.0,200.0,72.0)
USC00265400;(172.0,139.0,156.0)
USC00265818;(289.0,278.0,289.0)
USC00265846;(328.0,339.0,239.0)
USC00265890;(300.0,300.0,306.0)
USC00266691;(222.0,239.0,267.0)
USC00266791;(133.0,72.0,33.0)
USC00267175;(200.0,178.0,89.0)
USC00267369;(283.0,294.0,267.0)
USC00268160;(233.0,194.0,189.0)
USC00268588;(356.0,372.0,394.0)
USC00269168;(211.0,61.0,122.0)
USC00270690;(161.0,194.0,111.0)
USC00270913;(144.0,144.0,111.0)
USC00271647;(200.0,117.0,128.0)
USC00272302;(189.0,233.0,283.0)
USC00272800;(122.0,89.0,50.0)
USC00272999;(172.0,144.0,122.0)
USC00273182;(211.0,106.0,156.0)
USC00273658;(228.0,222.0,106.0)
USC00274234;(167.0,106.0,39.0)
USC00274329;(106.0,111.0,156.0)
USC00274399;(178.0,78.0,139.0)
USC00274480;(128.0,139.0,161.0)
USC00274732;(111.0,111.0,111.0)
USC00275211;(156.0,106.0,128.0)
USC00275350;(61.0,144.0,61.0)
USC00275868;(200.0,211.0,233.0)
USC00276234;(189.0,200.0,94.0)
USC00278614;(161.0,161.0,128.0)
USC00280734;(106.0,117.0,133.0)
USC00280907;(189.0,139.0,72.0)
USC00281582;(183.0,128.0,33.0)
USC00282805;(161.0,194.0,250.0)
USC00283029;(194.0,156.0,106.0)
USC00283181;(161.0,22.0,117.0)
USC00283662;(122.0,172.0,217.0)
USC00283704;(289.0,294.0,239.0)
USC00283951;(244.0,211.0,100.0)
USC00286055;(144.0,50.0,83.0)
USC00287301;(206.0,150.0,239.0)
USC00287936;(44.0,6.0,11.0)
USC00288173;(183.0,233.0,228.0)
USC00289363;(172.0,72.0,33.0)
USC00290231;(194.0,106.0,167.0)
USC00290245;(128.0,194.0,194.0)
USC00290417;(267.0,206.0,206.0)
USC00290600;(211.0,156.0,222.0)
USC00291063;(211.0,244.0,222.0)
USC00291469;(100.0,17.0,-56.0)
USC00291931;(144.0,150.0,67.0)
USC00291982;(194.0,94.0,200.0)
USC00292030;(217.0,72.0,172.0)
USC00292608;(161.0,206.0,206.0)
USC00292700;(133.0,6.0,61.0)
USC00292837;(139.0,22.0,83.0)
USC00292865;(194.0,94.0,67.0)
USC00293142;(178.0,172.0,139.0)
USC00293649;(122.0,194.0,128.0)
USC00294009;(250.0,261.0,194.0)
USC00294112;(122.0,133.0,28.0)
USC00295150;(228.0,250.0,250.0)
USC00295908;(183.0,206.0,217.0)
USC00295960;(172.0,183.0,150.0)
USC00295968;(172.0,150.0,139.0)
USC00296275;(189.0,217.0,228.0)
USC00296619;(183.0,144.0,78.0)
USC00296804;(144.0,61.0,150.0)
USC00297008;(217.0,256.0,233.0)
USC00297180;(183.0,111.0,100.0)
USC00297340;(267.0,267.0,294.0)
USC00297481;(217.0,239.0,167.0)
USC00297605;(139.0,256.0,289.0)
USC00298127;(267.0,244.0,206.0)
USC00298535;(267.0,250.0,222.0)
USC00299156;(150.0,217.0,178.0)
USC00300023;(-6.0,-6.0,-6.0)
USC00300063;(161.0,100.0,78.0)
USC00300085;(294.0,56.0,89.0)
USC00300183;(183.0,67.0,133.0)
USC00300321;(239.0,278.0,306.0)
USC00300331;(244.0,306.0,261.0)
USC00300343;(261.0,211.0,228.0)
USC00300785;(178.0,211.0,211.0)
USC00300889;(122.0,139.0,56.0)
USC00301152;(200.0,-39.0,22.0)
USC00301211;(-11.0,33.0,-44.0)
USC00301309;(156.0,133.0,200.0)
USC00301413;(211.0,178.0,267.0)
USC00301595;(189.0,233.0,161.0)
USC00301625;(106.0,122.0,106.0)
USC00301708;(183.0,183.0,222.0)
USC00301752;(122.0,-72.0,-106.0)
USC00301787;(239.0,72.0,150.0)
USC00301974;(89.0,139.0,6.0)
USC00302366;(144.0,0.0,-17.0)
USC00302454;(61.0,50.0,50.0)
USC00302610;(228.0,178.0,94.0)
USC00303050;(150.0,144.0,133.0)
USC00303087;(250.0,11.0,11.0)
USC00303184;(178.0,172.0,61.0)
USC00303851;(167.0,178.0,128.0)
USC00303955;(183.0,200.0,200.0)
USC00303961;(67.0,67.0,67.0)
USC00303983;(228.0,228.0,228.0)
USC00304102;(128.0,72.0,-44.0)
USC00304174;(150.0,206.0,233.0)
USC00304207;(106.0,94.0,28.0)
USC00304575;(172.0,139.0,44.0)
USC00304808;(256.0,228.0,167.0)
USC00304912;(172.0,128.0,117.0)
USC00305233;(200.0,178.0,167.0)
USC00305597;(111.0,122.0,122.0)
USC00305840;(161.0,50.0,78.0)
USC00305925;(172.0,67.0,67.0)
USC00306085;(244.0,256.0,278.0)
USC00306196;(217.0,211.0,244.0)
USC00306217;(233.0,244.0,267.0)
USC00306356;(211.0,178.0,144.0)
USC00306649;(256.0,211.0,217.0)
USC00306774;(167.0,-6.0,89.0)
USC00306867;(194.0,61.0,50.0)
USC00307705;(100.0,61.0,106.0)
USC00308578;(117.0,183.0,100.0)
USC00308600;(128.0,83.0,133.0)
USC00308910;(194.0,244.0,178.0)
USC00308932;(306.0,289.0,294.0)
USC00309072;(161.0,167.0,83.0)
USC00309442;(178.0,167.0,61.0)
USC00309690;(122.0,139.0,161.0)
USC00310212;(217.0,194.0,250.0)
USC00310356;(239.0,233.0,228.0)
USC00310506;(100.0,161.0,128.0)
USC00310576;(228.0,89.0,56.0)
USC00310645;(133.0,172.0,200.0)
USC00310982;(200.0,61.0,50.0)
USC00311055;(222.0,178.0,78.0)
USC00311165;(228.0,228.0,239.0)
USC00311420;(100.0,183.0,111.0)
USC00311535;(294.0,150.0,161.0)
USC00311677;(89.0,89.0,206.0)
USC00311820;(122.0,72.0,100.0)
USC00311949;(256.0,228.0,339.0)
USC00311975;(194.0,194.0,111.0)
USC00312200;(178.0,111.0,39.0)
USC00312238;(167.0,128.0,133.0)
USC00312631;(261.0,217.0,267.0)
USC00313017;(194.0,28.0,133.0)
USC00313072;(161.0,211.0,233.0)
USC00313152;(200.0,267.0,278.0)
USC00313638;(94.0,56.0,139.0)
USC00313919;(156.0,122.0,50.0)
USC00314055;(194.0,156.0,150.0)
USC00314471;(172.0,233.0,150.0)
USC00314496;(161.0,217.0,200.0)
USC00314684;(244.0,200.0,161.0)
USC00314788;(200.0,89.0,200.0)
USC00314860;(222.0,183.0,256.0)
USC00314938;(228.0,256.0,172.0)
USC00315116;(206.0,156.0,244.0)
USC00315123;(200.0,72.0,78.0)
USC00315340;(156.0,133.0,100.0)
USC00315356;(261.0,250.0,261.0)
USC00315771;(228.0,256.0,289.0)
USC00315838;(189.0,206.0,200.0)
USC00315890;(178.0,194.0,178.0)
USC00315923;(106.0,28.0,67.0)
USC00315996;(283.0,267.0,183.0)
USC00316096;(239.0,239.0,239.0)
USC00316256;(78.0,128.0,122.0)
USC00316341;(244.0,267.0,172.0)
USC00316676;(194.0,206.0,222.0)
USC00316853;(222.0,228.0,217.0)
USC00317202;(272.0,261.0,283.0)
USC00317319;(306.0,278.0,211.0)
USC00317516;(56.0,56.0,6.0)
USC00317548;(272.0,228.0,244.0)
USC00317813;(244.0,194.0,128.0)
USC00318292;(250.0,239.0,206.0)
USC00318450;(256.0,261.0,222.0)
USC00318500;(211.0,44.0,61.0)
USC00318694;(206.0,139.0,178.0)
USC00318906;(178.0,189.0,256.0)
USC00319100;(39.0,44.0,117.0)
USC00319123;(200.0,172.0,217.0)
USC00319147;(172.0,211.0,128.0)
USC00319440;(211.0,83.0,117.0)
USC00319461;(233.0,222.0,194.0)
USC00319467;(128.0,156.0,178.0)
USC00319555;(256.0,50.0,6.0)
USC00319675;(294.0,300.0,289.0)
USC00320382;(106.0,94.0,156.0)
USC00320817;(100.0,-78.0,-144.0)
USC00320941;(222.0,222.0,206.0)
USC00320995;(94.0,-50.0,-67.0)
USC00321435;(89.0,178.0,217.0)
USC00322365;(156.0,78.0,61.0)
USC00323004;(83.0,206.0,189.0)
USC00323376;(11.0,-44.0,-56.0)
USC00324418;(72.0,67.0,28.0)
USC00325186;(228.0,167.0,228.0)
USC00325660;(233.0,194.0,178.0)
USC00325813;(128.0,211.0,244.0)
USC00326365;(211.0,33.0,33.0)
USC00329233;(161.0,156.0,144.0)
USC00329445;(322.0,372.0,356.0)
USC00330563;(189.0,128.0,167.0)
USC00330676;(239.0,217.0,217.0)
USC00330862;(44.0,44.0,44.0)
USC00331042;(250.0,233.0,194.0)
USC00331197;(156.0,67.0,44.0)
USC00331404;(144.0,72.0,67.0)
USC00331458;(228.0,200.0,222.0)
USC00331515;(117.0,122.0,50.0)
USC00331541;(222.0,189.0,0.0)
USC00331592;(222.0,156.0,56.0)
USC00332974;(161.0,33.0,-11.0)
USC00333029;(211.0,267.0,194.0)
USC00333500;(222.0,217.0,94.0)
USC00333758;(244.0,244.0,244.0)
USC00333915;(211.0,122.0,72.0)
USC00334004;(200.0,144.0,-22.0)
USC00334403;(189.0,144.0,150.0)
USC00334551;(222.0,83.0,-50.0)
USC00334681;(194.0,239.0,-33.0)
USC00334874;(178.0,139.0,128.0)
USC00335505;(261.0,289.0,278.0)
USC00335857;(272.0,239.0,178.0)
USC00336465;(239.0,228.0,206.0)
USC00338609;(233.0,228.0,89.0)
USC00338769;(194.0,133.0,150.0)
USC00338794;(83.0,222.0,244.0)
USC00338810;(172.0,72.0,111.0)
USC00338822;(106.0,139.0,111.0)
USC00338830;(239.0,156.0,200.0)
USC00339219;(78.0,122.0,150.0)
USC00339312;(161.0,39.0,-44.0)
USC00340184;(72.0,83.0,167.0)
USC00340256;(211.0,89.0,111.0)
USC00340546;(228.0,194.0,156.0)
USC00340818;(244.0,211.0,233.0)
USC00340830;(117.0,89.0,211.0)
USC00341744;(144.0,189.0,194.0)
USC00341828;(89.0,144.0,72.0)
USC00342912;(217.0,50.0,111.0)
USC00343628;(178.0,156.0,189.0)
USC00344001;(194.0,144.0,156.0)
USC00344019;(139.0,183.0,200.0)
USC00346139;(228.0,228.0,144.0)
USC00346386;(144.0,100.0,111.0)
USC00348380;(217.0,122.0,200.0)
USC00350699;(200.0,211.0,183.0)
USC00350897;(200.0,133.0,139.0)
USC00351058;(189.0,139.0,233.0)
USC00352693;(283.0,294.0,183.0)
USC00353232;(172.0,117.0,183.0)
USC00353604;(194.0,189.0,200.0)
USC00353770;(206.0,128.0,161.0)
USC00353818;(283.0,289.0,289.0)
USC00353827;(228.0,233.0,250.0)
USC00354291;(206.0,233.0,272.0)
USC00354622;(183.0,194.0,267.0)
USC00354811;(256.0,256.0,256.0)
USC00355020;(122.0,122.0,94.0)
USC00355055;(161.0,161.0,167.0)
USC00355139;(222.0,272.0,294.0)
USC00355160;(233.0,239.0,233.0)
USC00355392;(200.0,244.0,211.0)
USC00355638;(222.0,250.0,239.0)
USC00355734;(161.0,172.0,128.0)
USC00356179;(128.0,283.0,233.0)
USC00356252;(111.0,111.0,33.0)
USC00356294;(278.0,317.0,344.0)
USC00356405;(189.0,133.0,128.0)
USC00356532;(261.0,306.0,311.0)
USC00356550;(206.0,150.0,183.0)
USC00356749;(206.0,133.0,239.0)
USC00357169;(250.0,272.0,278.0)
USC00357391;(228.0,267.0,261.0)
USC00357857;(178.0,200.0,200.0)
USC00358246;(111.0,111.0,156.0)
USC00358466;(106.0,128.0,117.0)
USC00358494;(122.0,111.0,117.0)
USC00358536;(261.0,306.0,306.0)
USC00358634;(222.0,194.0,256.0)
USC00359461;(178.0,144.0,144.0)
USC00360022;(178.0,211.0,139.0)
USC00360147;(194.0,194.0,239.0)
USC00360656;(244.0,272.0,267.0)
USC00360861;(217.0,233.0,239.0)
USC00360868;(139.0,106.0,56.0)
USC00361212;(206.0,189.0,117.0)
USC00361362;(183.0,178.0,239.0)
USC00361377;(211.0,294.0,267.0)
USC00361705;(183.0,250.0,144.0)
USC00361726;(272.0,233.0,167.0)
USC00361751;(78.0,139.0,178.0)
USC00361802;(272.0,256.0,178.0)
USC00361810;(228.0,256.0,189.0)
USC00361838;(11.0,-50.0,-44.0)
USC00361920;(261.0,133.0,222.0)
USC00362183;(178.0,100.0,44.0)
USC00362221;(189.0,211.0,211.0)
USC00362470;(200.0,206.0,200.0)
USC00363018;(261.0,194.0,194.0)
USC00363028;(222.0,222.0,156.0)
USC00363311;(206.0,144.0,133.0)
USC00363321;(161.0,217.0,172.0)
USC00363343;(222.0,233.0,278.0)
USC00363417;(194.0,261.0,261.0)
USC00363451;(194.0,211.0,183.0)
USC00363632;(167.0,61.0,33.0)
USC00363665;(306.0,322.0,322.0)
USC00363698;(144.0,183.0,183.0)
USC00363758;(222.0,183.0,172.0)
USC00364214;(272.0,250.0,122.0)
USC00364763;(183.0,267.0,317.0)
USC00364839;(200.0,228.0,178.0)
USC00364976;(217.0,217.0,250.0)
USC00364992;(200.0,256.0,239.0)
USC00365050;(222.0,206.0,239.0)
USC00365109;(178.0,206.0,89.0)
USC00365344;(206.0,167.0,206.0)
USC00365686;(217.0,233.0,228.0)
USC00365738;(222.0,233.0,172.0)
USC00365902;(200.0,211.0,239.0)
USC00366151;(150.0,89.0,72.0)
USC00366194;(233.0,78.0,122.0)
USC00366238;(139.0,139.0,194.0)
USC00366649;(167.0,94.0,100.0)
USC00366921;(228.0,250.0,128.0)
USC00366927;(244.0,200.0,233.0)
USC00367029;(167.0,83.0,50.0)
USC00367073;(-33.0,17.0,61.0)
USC00367103;(228.0,106.0,61.0)
USC00367312;(200.0,228.0,250.0)
USC00367409;(156.0,150.0,217.0)
USC00367732;(144.0,211.0,178.0)
USC00367782;(194.0,211.0,189.0)
USC00367931;(300.0,194.0,106.0)
USC00367938;(278.0,206.0,211.0)
USC00368073;(56.0,111.0,122.0)
USC00368184;(256.0,239.0,50.0)
USC00368308;(172.0,228.0,217.0)
USC00368361;(222.0,206.0,172.0)
USC00368400;(189.0,-17.0,6.0)
USC00368449;(194.0,128.0,183.0)
USC00368469;(211.0,194.0,106.0)
USC00368668;(217.0,222.0,222.0)
USC00368868;(228.0,311.0,328.0)
USC00368888;(167.0,156.0,200.0)
USC00368905;(206.0,183.0,78.0)
USC00369050;(211.0,200.0,239.0)
USC00369298;(178.0,128.0,50.0)
USC00369408;(167.0,228.0,167.0)
USC00369823;(167.0,228.0,239.0)
USC00369933;(233.0,233.0,206.0)
USC00377581;(89.0,44.0,17.0)
USC00380072;(233.0,206.0,128.0)
USC00380184;(239.0,189.0,156.0)
USC00380448;(250.0,217.0,250.0)
USC00380490;(128.0,167.0,206.0)
USC00380736;(244.0,100.0,94.0)
USC00381241;(272.0,128.0,183.0)
USC00381277;(233.0,133.0,167.0)
USC00381479;(272.0,111.0,17.0)
USC00381633;(156.0,194.0,200.0)
USC00381726;(122.0,100.0,72.0)
USC00381944;(256.0,250.0,189.0)
USC00382730;(233.0,244.0,250.0)
USC00382735;(233.0,83.0,117.0)
USC00383470;(122.0,222.0,194.0)
USC00383735;(183.0,200.0,200.0)
USC00383758;(222.0,261.0,294.0)
USC00383990;(244.0,189.0,211.0)
USC00384205;(172.0,233.0,250.0)
USC00384581;(228.0,161.0,133.0)
USC00384607;(194.0,83.0,56.0)
USC00385200;(178.0,150.0,139.0)
USC00385493;(239.0,233.0,267.0)
USC00385633;(211.0,156.0,78.0)
USC00385660;(261.0,294.0,289.0)
USC00386114;(161.0,200.0,222.0)
USC00386209;(228.0,233.0,156.0)
USC00386527;(206.0,122.0,133.0)
USC00386831;(211.0,244.0,189.0)
USC00387631;(206.0,156.0,194.0)
USC00387687;(261.0,156.0,161.0)
USC00388426;(267.0,228.0,217.0)
USC00388472;(222.0,111.0,106.0)
USC00388887;(256.0,183.0,239.0)
USC00388922;(211.0,122.0,144.0)
USC00388979;(294.0,189.0,217.0)
USC00389327;(211.0,244.0,211.0)
USC00389625;(233.0,217.0,150.0)
USC00390128;(100.0,139.0,244.0)
USC00391032;(133.0,128.0,172.0)
USC00391076;(122.0,94.0,144.0)
USC00391777;(183.0,78.0,83.0)
USC00392302;(150.0,150.0,167.0)
USC00392429;(83.0,161.0,11.0)
USC00392557;(133.0,144.0,61.0)
USC00392927;(133.0,139.0,194.0)
USC00393211;(194.0,283.0,206.0)
USC00393294;(156.0,156.0,256.0)
USC00394007;(150.0,239.0,244.0)
USC00394037;(161.0,-33.0,50.0)
USC00394206;(78.0,56.0,161.0)
USC00394630;(111.0,133.0,106.0)
USC00394834;(72.0,44.0,-133.0)
USC00394864;(133.0,233.0,261.0)
USC00395048;(117.0,28.0,117.0)
USC00395090;(106.0,100.0,222.0)
USC00395325;(83.0,200.0,217.0)
USC00395360;(128.0,128.0,211.0)
USC00395531;(244.0,256.0,250.0)
USC00395638;(211.0,294.0,283.0)
USC00395669;(128.0,122.0,78.0)
USC00395870;(11.0,144.0,61.0)
USC00395891;(222.0,283.0,256.0)
USC00396212;(89.0,50.0,133.0)
USC00396304;(122.0,139.0,100.0)
USC00396427;(72.0,28.0,-28.0)
USC00396574;(6.0,-94.0,44.0)
USC00396947;(-22.0,61.0,33.0)
USC00396948;(111.0,139.0,233.0)
USC00397073;(117.0,111.0,178.0)
USC00397277;(133.0,200.0,206.0)
USC00397326;(139.0,156.0,194.0)
USC00397545;(144.0,172.0,200.0)
USC00398307;(39.0,89.0,33.0)
USC00398472;(83.0,122.0,167.0)
USC00398622;(133.0,139.0,206.0)
USC00398911;(133.0,133.0,139.0)
USC00398980;(200.0,228.0,244.0)
USC00399004;(-78.0,-17.0,33.0)
USC00399070;(-50.0,-122.0,-33.0)
USC00399347;(83.0,128.0,178.0)
USC00399355;(144.0,167.0,233.0)
USC00399442;(228.0,94.0,39.0)
USC00400081;(211.0,144.0,17.0)
USC00400137;(278.0,272.0,272.0)
USC00400284;(222.0,228.0,139.0)
USC00400876;(83.0,61.0,-72.0)
USC00401145;(256.0,233.0,211.0)
USC00401310;(250.0,189.0,156.0)
USC00401352;(200.0,250.0,256.0)
USC00401480;(161.0,72.0,122.0)
USC00401585;(139.0,189.0,56.0)
USC00401640;(178.0,211.0,89.0)
USC00401887;(211.0,172.0,178.0)
USC00401957;(256.0,178.0,206.0)
USC00402388;(217.0,78.0,100.0)
USC00402390;(144.0,67.0,156.0)
USC00402489;(178.0,61.0,111.0)
USC00402989;(244.0,172.0,156.0)
USC00403280;(183.0,194.0,194.0)
USC00403420;(189.0,17.0,100.0)
USC00403447;(139.0,122.0,178.0)
USC00403679;(267.0,294.0,261.0)
USC00404033;(228.0,183.0,278.0)
USC00404417;(289.0,228.0,56.0)
USC00404561;(250.0,122.0,78.0)
USC00404567;(200.0,200.0,222.0)
USC00404568;(228.0,178.0,89.0)
USC00404871;(217.0,228.0,206.0)
USC00405035;(283.0,200.0,228.0)
USC00405158;(156.0,200.0,217.0)
USC00405187;(267.0,244.0,272.0)
USC00405210;(289.0,17.0,-44.0)
USC00405358;(222.0,200.0,250.0)
USC00405525;(228.0,211.0,261.0)
USC00405595;(78.0,133.0,94.0)
USC00405956;(228.0,244.0,67.0)
USC00406012;(228.0,239.0,267.0)
USC00406162;(211.0,117.0,133.0)
USC00406170;(133.0,228.0,150.0)
USC00406180;(233.0,139.0,161.0)
USC00406272;(222.0,178.0,133.0)
USC00406328;(56.0,56.0,56.0)
USC00406371;(300.0,233.0,239.0)
USC00406403;(217.0,178.0,211.0)
USC00406493;(206.0,211.0,261.0)
USC00406534;(178.0,233.0,239.0)
USC00406619;(217.0,172.0,150.0)
USC00406803;(228.0,167.0,106.0)
USC00406806;(228.0,94.0,0.0)
USC00406977;(183.0,194.0,122.0)
USC00407459;(78.0,39.0,72.0)
USC00407770;(194.0,122.0,144.0)
USC00407808;(250.0,178.0,206.0)
USC00408160;(28.0,133.0,94.0)
USC00408405;(206.0,211.0,261.0)
USC00408522;(250.0,228.0,239.0)
USC00408562;(244.0,72.0,111.0)
USC00408868;(194.0,128.0,167.0)
USC00409065;(217.0,228.0,239.0)
USC00409434;(233.0,233.0,239.0)
USC00409709;(233.0,178.0,183.0)
USC00410012;(189.0,233.0,189.0)
USC00410120;(172.0,222.0,139.0)
USC00410174;(267.0,289.0,300.0)
USC00410176;(189.0,28.0,183.0)
USC00410250;(50.0,228.0,156.0)
USC00410268;(228.0,211.0,233.0)
USC00410337;(272.0,267.0,167.0)
USC00410394;(322.0,333.0,356.0)
USC00410404;(300.0,289.0,272.0)
USC00410408;(250.0,56.0,39.0)
USC00410433;(294.0,217.0,106.0)
USC00410436;(294.0,222.0,222.0)
USC00410493;(239.0,233.0,194.0)
USC00410586;(256.0,106.0,56.0)
USC00410611;(228.0,256.0,278.0)
USC00410613;(244.0,239.0,222.0)
USC00410655;(144.0,200.0,217.0)
USC00410832;(250.0,50.0,94.0)
USC00410923;(200.0,167.0,189.0)
USC00410926;(228.0,211.0,167.0)
USC00410958;(267.0,267.0,256.0)
USC00411000;(267.0,317.0,156.0)
USC00411048;(267.0,278.0,189.0)
USC00411246;(239.0,250.0,183.0)
USC00411250;(206.0,217.0,233.0)
USC00411267;(211.0,156.0,11.0)
USC00411500;(89.0,217.0,228.0)
USC00411578;(139.0,206.0,250.0)
USC00411596;(44.0,100.0,217.0)
USC00411671;(150.0,128.0,167.0)
USC00411694;(206.0,211.0,172.0)
USC00411720;(206.0,256.0,256.0)
USC00411880;(183.0,256.0,267.0)
USC00411934;(261.0,-56.0,-78.0)
USC00412013;(289.0,217.0,222.0)
USC00412019;(261.0,278.0,322.0)
USC00412082;(161.0,61.0,122.0)
USC00412121;(189.0,256.0,194.0)
USC00412125;(272.0,278.0,244.0)
USC00412238;(56.0,-11.0,-72.0)
USC00412394;(244.0,233.0,-33.0)
USC00412404;(256.0,228.0,244.0)
USC00412408;(200.0,178.0,222.0)
USC00412464;(161.0,200.0,222.0)
USC00412617;(239.0,289.0,311.0)
USC00412741;(278.0,211.0,222.0)
USC00412786;(206.0,244.0,239.0)
USC00413183;(250.0,161.0,244.0)
USC00413214;(11.0,22.0,139.0)
USC00413257;(261.0,306.0,306.0)
USC00413265;(239.0,228.0,272.0)
USC00413280;(217.0,156.0,156.0)
USC00413285;(250.0,278.0,161.0)
USC00413289;(294.0,100.0,117.0)
USC00413340;(256.0,217.0,167.0)
USC00413368;(261.0,278.0,306.0)
USC00413411;(250.0,206.0,89.0)
USC00413485;(267.0,294.0,167.0)
USC00413614;(250.0,244.0,222.0)
USC00413787;(189.0,100.0,78.0)
USC00413828;(211.0,217.0,106.0)
USC00413877;(228.0,206.0,244.0)
USC00413972;(233.0,256.0,61.0)
USC00414202;(250.0,194.0,267.0)
USC00414254;(306.0,250.0,244.0)
USC00414333;(300.0,294.0,294.0)
USC00414382;(172.0,233.0,239.0)
USC00414570;(89.0,133.0,194.0)
USC00414710;(222.0,244.0,256.0)
USC00414770;(233.0,228.0,217.0)
USC00414782;(200.0,200.0,239.0)
USC00414810;(294.0,306.0,294.0)
USC00414911;(311.0,322.0,300.0)
USC00414967;(217.0,228.0,228.0)
USC00414968;(278.0,239.0,283.0)
USC00414976;(133.0,233.0,178.0)
USC00414982;(244.0,217.0,250.0)
USC00415013;(267.0,167.0,56.0)
USC00415048;(194.0,239.0,244.0)
USC00415060;(289.0,272.0,261.0)
USC00415183;(189.0,211.0,239.0)
USC00415196;(239.0,261.0,272.0)
USC00415247;(228.0,250.0,178.0)
USC00415272;(200.0,267.0,244.0)
USC00415341;(167.0,139.0,72.0)
USC00415415;(233.0,33.0,-6.0)
USC00415435;(294.0,239.0,239.0)
USC00415477;(256.0,194.0,200.0)
USC00415618;(261.0,172.0,183.0)
USC00415650;(239.0,222.0,272.0)
USC00415658;(200.0,100.0,156.0)
USC00415661;(294.0,267.0,278.0)
USC00415701;(283.0,322.0,233.0)
USC00415707;(256.0,194.0,278.0)
USC00415821;(289.0,194.0,267.0)
USC00415822;(278.0,222.0,239.0)
USC00415861;(306.0,222.0,150.0)
USC00416074;(189.0,222.0,267.0)
USC00416104;(139.0,189.0,228.0)
USC00416135;(161.0,78.0,100.0)
USC00416137;(211.0,178.0,211.0)
USC00416177;(278.0,244.0,178.0)
USC00416273;(306.0,156.0,200.0)
USC00416644;(156.0,189.0,33.0)
USC00416680;(278.0,256.0,189.0)
USC00416733;(283.0,306.0,267.0)
USC00416740;(211.0,228.0,339.0)
USC00416785;(194.0,256.0,228.0)
USC00416794;(267.0,206.0,206.0)
USC00417074;(228.0,206.0,0.0)
USC00417079;(244.0,256.0,72.0)
USC00417081;(161.0,200.0,139.0)
USC00417111;(161.0,167.0,244.0)
USC00417183;(83.0,89.0,67.0)
USC00417184;(261.0,250.0,233.0)
USC00417206;(206.0,100.0,178.0)
USC00417327;(256.0,228.0,167.0)
USC00417622;(367.0,300.0,333.0)
USC00417669;(250.0,256.0,283.0)
USC00417743;(89.0,6.0,28.0)
USC00417782;(283.0,206.0,322.0)
USC00417936;(200.0,189.0,128.0)
USC00417944;(272.0,233.0,206.0)
USC00418040;(244.0,178.0,211.0)
USC00418236;(161.0,183.0,133.0)
USC00418274;(211.0,117.0,156.0)
USC00418323;(150.0,189.0,122.0)
USC00418415;(289.0,267.0,278.0)
USC00418433;(139.0,67.0,50.0)
USC00418449;(283.0,133.0,33.0)
USC00418487;(300.0,300.0,206.0)
USC00418566;(133.0,133.0,39.0)
USC00418818;(206.0,44.0,17.0)
USC00418862;(78.0,61.0,144.0)
USC00419101;(189.0,133.0,122.0)
USC00419163;(156.0,189.0,144.0)
USC00419175;(133.0,233.0,211.0)
USC00419191;(183.0,211.0,144.0)
USC00419207;(311.0,306.0,239.0)
USC00419295;(261.0,250.0,178.0)
USC00419367;(217.0,211.0,244.0)
USC00419491;(239.0,239.0,256.0)
USC00419499;(267.0,233.0,200.0)
USC00419754;(272.0,294.0,289.0)
USC00419800;(217.0,172.0,244.0)
USC00419847;(78.0,28.0,72.0)
USC00419952;(267.0,256.0,161.0)
USC00420061;(200.0,206.0,161.0)
USC00420074;(222.0,206.0,144.0)
USC00420788;(244.0,250.0,228.0)
USC00421020;(278.0,267.0,183.0)
USC00421168;(189.0,239.0,150.0)
USC00421171;(178.0,244.0,239.0)
USC00421259;(211.0,244.0,250.0)
USC00421308;(150.0,167.0,194.0)
USC00422558;(228.0,228.0,222.0)
USC00422592;(239.0,272.0,267.0)
USC00422607;(228.0,294.0,294.0)
USC00422798;(194.0,83.0,150.0)
USC00422828;(261.0,278.0,300.0)
USC00423012;(217.0,217.0,183.0)
USC00424100;(200.0,194.0,250.0)
USC00424856;(156.0,194.0,50.0)
USC00424968;(278.0,294.0,294.0)
USC00425065;(167.0,222.0,200.0)
USC00425138;(211.0,111.0,83.0)
USC00425148;(167.0,144.0,206.0)
USC00425402;(144.0,161.0,144.0)
USC00425733;(222.0,172.0,106.0)
USC00426123;(183.0,189.0,194.0)
USC00426135;(111.0,61.0,50.0)
USC00426181;(228.0,228.0,222.0)
USC00426357;(172.0,211.0,233.0)
USC00426405;(194.0,200.0,128.0)
USC00426869;(172.0,211.0,217.0)
USC00427165;(144.0,150.0,167.0)
USC00427516;(294.0,289.0,144.0)
USC00427606;(233.0,200.0,206.0)
USC00428771;(178.0,150.0,228.0)
USC00431565;(261.0,211.0,139.0)
USC00432773;(189.0,278.0,294.0)
USC00434120;(261.0,267.0,189.0)
USC00435416;(17.0,44.0,6.0)
USC00435542;(156.0,128.0,189.0)
USC00435733;(156.0,144.0,89.0)
USC00435768;(244.0,244.0,278.0)
USC00436391;(133.0,200.0,244.0)
USC00436995;(167.0,100.0,-83.0)
USC00437054;(106.0,-100.0,-94.0)
USC00438169;(139.0,139.0,94.0)
USC00438172;(122.0,94.0,161.0)
USC00438556;(200.0,244.0,239.0)
USC00438652;(89.0,89.0,67.0)
USC00439988;(183.0,172.0,156.0)
USC00440021;(189.0,83.0,111.0)
USC00440243;(289.0,178.0,111.0)
USC00440860;(61.0,56.0,61.0)
USC00440993;(94.0,83.0,67.0)
USC00441082;(311.0,311.0,311.0)
USC00441209;(233.0,200.0,167.0)
USC00441585;(244.0,6.0,17.0)
USC00441593;(178.0,111.0,183.0)
USC00441614;(261.0,33.0,11.0)
USC00441692;(150.0,222.0,244.0)
USC00441999;(161.0,211.0,72.0)
USC00442044;(206.0,267.0,78.0)
USC00442142;(161.0,128.0,183.0)
USC00442208;(289.0,133.0,39.0)
USC00442663;(150.0,183.0,17.0)
USC00442790;(94.0,89.0,61.0)
USC00443229;(200.0,150.0,167.0)
USC00443272;(194.0,194.0,194.0)
USC00443310;(244.0,211.0,6.0)
USC00444101;(261.0,256.0,78.0)
USC00444128;(172.0,200.0,72.0)
USC00444414;(167.0,211.0,61.0)
USC00444876;(150.0,100.0,56.0)
USC00445050;(161.0,144.0,133.0)
USC00445096;(183.0,111.0,106.0)
USC00445300;(194.0,256.0,272.0)
USC00445453;(167.0,217.0,250.0)
USC00445595;(167.0,150.0,222.0)
USC00445851;(317.0,311.0,256.0)
USC00446125;(256.0,233.0,233.0)
USC00446147;(272.0,211.0,167.0)
USC00446161;(172.0,217.0,222.0)
USC00446692;(194.0,250.0,228.0)
USC00446712;(183.0,122.0,167.0)
USC00446999;(94.0,72.0,94.0)
USC00447174;(183.0,228.0,261.0)
USC00447278;(272.0,122.0,128.0)
USC00447338;(133.0,78.0,67.0)
USC00447506;(172.0,-6.0,11.0)
USC00447925;(200.0,161.0,228.0)
USC00447985;(200.0,244.0,72.0)
USC00448062;(161.0,117.0,56.0)
USC00448084;(61.0,33.0,56.0)
USC00448170;(211.0,244.0,239.0)
USC00448737;(33.0,50.0,161.0)
USC00448800;(117.0,144.0,44.0)
USC00448941;(278.0,200.0,194.0)
USC00449151;(228.0,261.0,272.0)
USC00449181;(261.0,106.0,122.0)
USC00449263;(78.0,17.0,61.0)
USC00449301;(150.0,-22.0,44.0)
USC00450008;(206.0,106.0,139.0)
USC00450844;(217.0,239.0,267.0)
USC00450872;(128.0,150.0,139.0)
USC00451350;(239.0,256.0,200.0)
USC00451630;(278.0,222.0,244.0)
USC00451666;(161.0,133.0,128.0)
USC00451760;(272.0,156.0,172.0)
USC00451767;(156.0,183.0,172.0)
USC00452007;(194.0,189.0,194.0)
USC00452030;(183.0,133.0,183.0)
USC00452157;(222.0,294.0,256.0)
USC00452675;(183.0,156.0,144.0)
USC00453222;(239.0,261.0,300.0)
USC00453529;(239.0,194.0,222.0)
USC00453730;(211.0,194.0,183.0)
USC00453826;(211.0,217.0,200.0)
USC00454154;(200.0,128.0,200.0)
USC00454169;(222.0,222.0,183.0)
USC00454338;(233.0,261.0,261.0)
USC00454679;(244.0,250.0,244.0)
USC00454764;(211.0,72.0,33.0)
USC00455110;(250.0,250.0,233.0)
USC00455133;(233.0,150.0,139.0)
USC00455525;(206.0,178.0,244.0)
USC00455840;(150.0,150.0,128.0)
USC00455946;(194.0,222.0,261.0)
USC00456039;(211.0,122.0,178.0)
USC00456123;(250.0,194.0,33.0)
USC00456747;(267.0,239.0,306.0)
USC00456789;(206.0,228.0,222.0)
USC00456914;(144.0,139.0,144.0)
USC00456974;(244.0,228.0,178.0)
USC00457015;(256.0,278.0,306.0)
USC00457180;(100.0,178.0,111.0)
USC00457185;(206.0,244.0,250.0)
USC00457247;(256.0,267.0,233.0)
USC00457941;(222.0,178.0,122.0)
USC00458059;(211.0,150.0,94.0)
USC00458278;(178.0,183.0,183.0)
USC00458715;(178.0,183.0,144.0)
USC00459012;(172.0,106.0,117.0)
USC00459376;(233.0,178.0,161.0)
USC00460509;(183.0,94.0,194.0)
USC00460527;(117.0,122.0,122.0)
USC00460580;(139.0,17.0,28.0)
USC00460925;(206.0,178.0,139.0)
USC00461215;(183.0,228.0,183.0)
USC00461220;(283.0,211.0,33.0)
USC00461397;(139.0,239.0,33.0)
USC00462211;(128.0,211.0,217.0)
USC00462920;(244.0,206.0,56.0)
USC00463251;(144.0,250.0,217.0)
USC00463361;(222.0,150.0,167.0)
USC00463648;(233.0,244.0,244.0)
USC00463798;(200.0,239.0,228.0)
USC00463940;(267.0,172.0,89.0)
USC00464397;(128.0,6.0,106.0)
USC00464840;(189.0,217.0,94.0)
USC00465224;(139.0,44.0,44.0)
USC00465353;(217.0,256.0,194.0)
USC00465626;(311.0,317.0,300.0)
USC00465706;(200.0,39.0,61.0)
USC00465875;(83.0,39.0,67.0)
USC00465963;(233.0,211.0,244.0)
USC00466163;(261.0,194.0,167.0)
USC00466284;(0.0,-11.0,-11.0)
USC00466442;(272.0,267.0,261.0)
USC00466867;(200.0,100.0,106.0)
USC00466952;(156.0,306.0,311.0)
USC00467018;(294.0,300.0,244.0)
USC00467372;(278.0,200.0,33.0)
USC00467649;(183.0,189.0,200.0)
USC00467743;(217.0,239.0,200.0)
USC00467785;(161.0,194.0,133.0)
USC00467852;(206.0,239.0,222.0)
USC00467918;(228.0,233.0,228.0)
USC00468191;(178.0,206.0,200.0)
USC00468308;(117.0,167.0,111.0)
USC00468384;(217.0,44.0,72.0)
USC00468662;(228.0,128.0,94.0)
USC00468777;(178.0,172.0,128.0)
USC00468986;(206.0,233.0,272.0)
USC00469458;(239.0,-50.0,-6.0)
USC00469522;(189.0,239.0,50.0)
USC00470045;(239.0,89.0,100.0)
USC00470124;(228.0,172.0,211.0)
USC00470273;(233.0,78.0,200.0)
USC00470347;(183.0,172.0,194.0)
USC00470382;(244.0,272.0,267.0)
USC00470486;(222.0,133.0,122.0)
USC00470516;(94.0,89.0,67.0)
USC00470645;(111.0,144.0,183.0)
USC00470652;(50.0,28.0,67.0)
USC00470696;(228.0,261.0,272.0)
USC00470904;(194.0,178.0,167.0)
USC00471062;(139.0,94.0,106.0)
USC00471064;(183.0,211.0,250.0)
USC00471078;(61.0,17.0,56.0)
USC00471205;(156.0,183.0,228.0)
USC00471249;(267.0,200.0,144.0)
USC00471416;(61.0,100.0,106.0)
USC00471568;(150.0,111.0,133.0)
USC00471604;(183.0,272.0,250.0)
USC00471605;(39.0,117.0,128.0)
USC00471667;(222.0,250.0,267.0)
USC00471923;(122.0,150.0,106.0)
USC00472055;(178.0,211.0,194.0)
USC00472173;(261.0,261.0,261.0)
USC00472279;(256.0,267.0,250.0)
USC00472826;(61.0,106.0,144.0)
USC00472842;(172.0,67.0,133.0)
USC00472851;(133.0,150.0,161.0)
USC00472869;(228.0,67.0,150.0)
USC00472973;(233.0,222.0,256.0)
USC00473038;(106.0,61.0,156.0)
USC00473058;(167.0,44.0,56.0)
USC00473198;(167.0,167.0,250.0)
USC00473268;(78.0,94.0,56.0)
USC00473391;(100.0,100.0,139.0)
USC00473405;(250.0,56.0,89.0)
USC00473453;(233.0,78.0,78.0)
USC00473661;(172.0,244.0,156.0)
USC00473702;(128.0,172.0,128.0)
USC00473756;(217.0,267.0,217.0)
USC00473820;(228.0,256.0,261.0)
USC00473930;(44.0,117.0,106.0)
USC00474108;(228.0,189.0,256.0)
USC00474174;(6.0,-89.0,-156.0)
USC00474195;(167.0,183.0,183.0)
USC00474391;(133.0,33.0,11.0)
USC00474546;(139.0,89.0,67.0)
USC00474582;(100.0,94.0,56.0)
USC00474790;(233.0,239.0,239.0)
USC00474937;(144.0,67.0,72.0)
USC00474953;(217.0,289.0,211.0)
USC00475096;(206.0,228.0,317.0)
USC00475120;(161.0,56.0,78.0)
USC00475164;(256.0,294.0,322.0)
USC00475178;(72.0,100.0,-17.0)
USC00475255;(150.0,122.0,139.0)
USC00475474;(172.0,100.0,44.0)
USC00475581;(200.0,128.0,111.0)
USC00475932;(161.0,178.0,194.0)
USC00476200;(6.0,-67.0,-56.0)
USC00476330;(194.0,78.0,39.0)
USC00476357;(244.0,189.0,111.0)
USC00476380;(189.0,100.0,100.0)
USC00476398;(289.0,306.0,300.0)
USC00476420;(194.0,94.0,156.0)
USC00476827;(128.0,150.0,228.0)
USC00476922;(33.0,122.0,144.0)
USC00477052;(183.0,89.0,33.0)
USC00477113;(156.0,200.0,194.0)
USC00477115;(111.0,67.0,144.0)
USC00477132;(256.0,211.0,183.0)
USC00477148;(206.0,83.0,106.0)
USC00477209;(139.0,206.0,239.0)
USC00477464;(194.0,44.0,-78.0)
USC00477576;(239.0,83.0,106.0)
USC00477581;(156.0,83.0,128.0)
USC00477708;(67.0,133.0,206.0)
USC00477796;(194.0,206.0,211.0)
USC00477964;(128.0,106.0,106.0)
USC00477997;(178.0,178.0,178.0)
USC00478171;(150.0,133.0,133.0)
USC00478229;(-44.0,-33.0,44.0)
USC00478316;(89.0,33.0,44.0)
USC00478376;(161.0,161.0,161.0)
USC00478540;(206.0,239.0,228.0)
