USC00010063;(139.0,111.0,106.0)
USC00010390;(100.0,89.0,-72.0)
USC00010402;(189.0,106.0,44.0)
USC00010425;(150.0,139.0,133.0)
USC00011566;(167.0,72.0,150.0)
USC00011725;(178.0,183.0,194.0)
USC00012096;(144.0,172.0,178.0)
USC00012209;(139.0,89.0,139.0)
USC00012245;(161.0,161.0,161.0)
USC00012813;(183.0,106.0,33.0)
USC00013154;(178.0,172.0,167.0)
USC00013573;(156.0,150.0,167.0)
USC00013575;(144.0,94.0,128.0)
USC00013620;(100.0,50.0,72.0)
USC00013645;(50.0,-11.0,-11.0)
USC00013655;(194.0,183.0,144.0)
USC00014193;(206.0,211.0,156.0)
USC00015635;(139.0,89.0,72.0)
USC00016129;(178.0,172.0,144.0)
USC00016196;(39.0,28.0,106.0)
USC00017304;(139.0,61.0,-6.0)
USC00017366;(183.0,111.0,56.0)
USC00017999;(78.0,106.0,144.0)
USC00018024;(156.0,178.0,206.0)
USC00018380;(172.0,83.0,150.0)
USC00020287;(44.0,61.0,56.0)
USC00020288;(122.0,83.0,39.0)
USC00020404;(100.0,61.0,39.0)
USC00020586;(33.0,39.0,50.0)
USC00020672;(89.0,122.0,117.0)
USC00020678;(-67.0,-56.0,-100.0)
USC00020949;(78.0,144.0,78.0)
USC00021248;(-61.0,-33.0,-28.0)
USC00021282;(111.0,94.0,56.0)
USC00021314;(-11.0,17.0,139.0)
USC00021654;(-33.0,-28.0,56.0)
USC00022140;(33.0,0.0,-78.0)
USC00022527;(-33.0,-67.0,-28.0)
USC00023190;(150.0,178.0,200.0)
USC00023501;(94.0,89.0,50.0)
USC00023668;(100.0,122.0,106.0)
USC00024453;(117.0,117.0,106.0)
USC00024675;(-17.0,-17.0,50.0)
USC00024761;(156.0,161.0,167.0)
USC00025412;(17.0,-17.0,0.0)
USC00025418;(56.0,50.0,11.0)
USC00026037;(44.0,17.0,44.0)
USC00026468;(-67.0,-39.0,0.0)
USC00026616;(17.0,-44.0,-100.0)
USC00026796;(-33.0,0.0,6.0)
USC00027187;(128.0,117.0,100.0)
USC00027281;(133.0,144.0,206.0)
USC00027398;(133.0,139.0,111.0)
USC00027530;(122.0,100.0,106.0)
USC00027560;(78.0,128.0,67.0)
USC00027716;(-33.0,89.0,17.0)
USC00028329;(-94.0,-6.0,-28.0)
USC00028590;(78.0,94.0,67.0)
USC00028619;(100.0,133.0,100.0)
USC00028904;(6.0,6.0,11.0)
USC00029156;(28.0,-28.0,-28.0)
USC00029334;(6.0,56.0,28.0)
USC00029464;(167.0,150.0,172.0)
USC00029542;(56.0,106.0,50.0)
USC00029645;(56.0,6.0,50.0)
USC00030130;(83.0,-6.0,-6.0)
USC00030286;(144.0,144.0,144.0)
USC00030460;(156.0,144.0,172.0)
USC00030536;(133.0,39.0,-11.0)
USC00030664;(72.0,72.0,150.0)
USC00030832;(78.0,61.0,117.0)
USC00030936;(156.0,72.0,122.0)
USC00031132;(83.0,94.0,111.0)
USC00031140;(122.0,122.0,72.0)
USC00031152;(56.0,56.0,61.0)
USC00031191;(117.0,61.0,72.0)
USC00031457;(106.0,-6.0,17.0)
USC00031632;(78.0,50.0,56.0)
USC00031730;(133.0,17.0,0.0)
USC00031838;(139.0,128.0,-11.0)
USC00031910;(156.0,167.0,178.0)
USC00031968;(128.0,83.0,128.0)
USC00032355;(133.0,83.0,144.0)
USC00032366;(83.0,44.0,83.0)
USC00032540;(111.0,50.0,89.0)
USC00032794;(11.0,44.0,200.0)
USC00032978;(178.0,167.0,200.0)
USC00033132;(128.0,106.0,106.0)
USC00033466;(72.0,-22.0,72.0)
USC00033734;(167.0,167.0,183.0)
USC00033862;(117.0,89.0,183.0)
USC00033909;(44.0,44.0,94.0)
USC00034528;(122.0,50.0,67.0)
USC00034562;(122.0,94.0,39.0)
USC00034572;(106.0,72.0,17.0)
USC00034638;(100.0,56.0,89.0)
USC00034666;(78.0,-156.0,-139.0)
USC00034711;(233.0,194.0,206.0)
USC00034756;(150.0,89.0,128.0)
USC00034938;(83.0,161.0,111.0)
USC00035036;(144.0,122.0,-33.0)
USC00035046;(172.0,194.0,194.0)
USC00035112;(100.0,128.0,178.0)
USC00035186;(144.0,156.0,144.0)
USC00035512;(72.0,56.0,72.0)
USC00035563;(167.0,161.0,178.0)
USC00035754;(200.0,167.0,172.0)
USC00035820;(111.0,94.0,50.0)
USC00035866;(172.0,172.0,172.0)
USC00036253;(89.0,100.0,133.0)
USC00036403;(167.0,189.0,200.0)
USC00036562;(139.0,122.0,144.0)
USC00036768;(117.0,50.0,111.0)
USC00036920;(128.0,94.0,122.0)
USC00036928;(83.0,50.0,22.0)
USC00037488;(100.0,39.0,100.0)
USC00037712;(133.0,33.0,39.0)
USC00037963;(50.0,50.0,50.0)
USC00040176;(156.0,78.0,150.0)
USC00040449;(100.0,89.0,72.0)
USC00040741;(-28.0,11.0,22.0)
USC00040931;(-45.08,-40.39622641509434,-33.0)
USC00041214;(-28.0,-28.0,-28.0)
USC00041312;(89.0,39.0,61.0)
USC00041967;(100.0,72.0,61.0)
USC00042294;(111.0,44.0,39.0)
USC00042598;(183.0,178.0,222.0)
USC00043256;(78.0,50.0,72.0)
USC00043261;(111.0,122.0,111.0)
USC00043551;(11.0,-17.0,-94.0)
USC00043573;(89.0,67.0,22.0)
USC00043669;(56.0,-11.0,0.0)
USC00043747;(83.0,67.0,61.0)
USC00044211;(61.0,33.0,33.0)
USC00044297;(178.0,183.0,183.0)
USC00044303;(111.0,117.0,94.0)
USC00044405;(78.0,72.0,78.0)
USC00044712;(61.0,61.0,61.0)
USC00044890;(78.0,67.0,111.0)
USC00045026;(-89.0,-61.0,-72.0)
USC00045064;(117.0,139.0,117.0)
USC00045360;(89.0,89.0,100.0)
USC00045802;(83.0,83.0,100.0)
USC00045860;(128.0,117.0,100.0)
USC00045915;(117.0,67.0,-6.0)
USC00045983;(50.0,56.0,89.0)
USC00046136;(11.0,-6.0,0.0)
USC00046252;(44.0,0.0,-6.0)
USC00046370;(100.0,111.0,94.0)
USC00046399;(61.0,22.0,6.0)
USC00046506;(17.0,56.0,22.0)
USC00046635;(233.0,217.0,272.0)
USC00046685;(117.0,106.0,122.0)
USC00046730;(56.0,56.0,56.0)
USC00046943;(117.0,89.0,111.0)
USC00047050;(122.0,122.0,122.0)
USC00047085;(-39.0,-50.0,-50.0)
USC00047195;(106.0,-28.0,-11.0)
USC00047253;(117.0,133.0,94.0)
USC00047668;(117.0,100.0,111.0)
USC00047888;(128.0,128.0,128.0)
USC00047902;(106.0,117.0,111.0)
USC00047916;(83.0,50.0,56.0)
USC00048353;(89.0,33.0,-56.0)
USC00048587;(72.0,11.0,-11.0)
USC00048702;(-33.0,-22.0,-11.0)
USC00049035;(144.0,144.0,111.0)
USC00049102;(183.0,156.0,122.0)
USC00049367;(128.0,67.0,83.0)
USC00049742;(72.0,17.0,17.0)
USC00049866;(-39.0,-28.0,-17.0)
USC00050109;(-22.0,-22.0,-117.0)
USC00050128;(6.0,-94.0,-67.0)
USC00050214;(-11.0,-39.0,-94.0)
USC00050263;(-78.0,-67.0,-39.0)
USC00050454;(-44.0,6.0,0.0)
USC00050754;(-33.0,-44.0,-28.0)
USC00050756;(39.0,67.0,39.0)
USC00050848;(72.0,-111.0,-56.0)
USC00050950;(-6.0,-11.0,6.0)
USC00051071;(-72.0,-117.0,-133.0)
USC00051121;(17.0,-28.0,-22.0)
USC00051186;(-72.0,-39.0,-17.0)
USC00051294;(-39.0,-61.0,-44.0)
USC00051528;(-17.0,-17.0,-6.0)
USC00051660;(-83.0,-83.0,-100.0)
USC00051713;(50.0,0.0,50.0)
USC00051743;(-44.0,-33.0,44.0)
USC00051772;(-67.0,-39.0,-22.0)
USC00051964;(-11.0,-6.0,11.0)
USC00051996;(-17.0,-17.0,-17.0)
USC00052184;(-67.0,-67.0,-111.0)
USC00052196;(0.0,-22.0,6.0)
USC00052223;(83.0,22.0,-50.0)
USC00052228;(22.0,11.0,67.0)
USC00052281;(-56.0,-78.0,-44.0)
USC00052446;(0.0,0.0,33.0)
USC00052494;(-11.0,-33.0,-22.0)
USC00052668;(0.0,56.0,44.0)
USC00052790;(-28.0,-33.0,-33.0)
USC00053005;(11.0,-44.0,28.0)
USC00053006;(33.0,50.0,39.0)
USC00053246;(39.0,28.0,-44.0)
USC00053261;(-50.0,-33.0,-44.0)
USC00053307;(28.0,-111.0,-139.0)
USC00053489;(44.0,28.0,50.0)
USC00053530;(-83.0,-94.0,-72.0)
USC00053541;(-17.0,-6.0,33.0)
USC00053662;(-200.0,-172.0,-261.0)
USC00053867;(-28.0,-44.0,-56.0)
USC00054076;(0.0,-11.0,28.0)
USC00054082;(11.0,0.0,28.0)
USC00054172;(44.0,78.0,61.0)
USC00054242;(44.0,67.0,56.0)
USC00054254;(-117.0,-106.0,-83.0)
USC00054388;(44.0,44.0,28.0)
USC00054413;(-11.0,-17.0,-39.0)
USC00054444;(6.0,-6.0,-6.0)
USC00054538;(-172.0,-161.0,-161.0)
USC00054546;(39.0,39.0,39.0)
USC00054742;(-111.0,-78.0,-56.0)
USC00054762;(6.0,0.0,-11.0)
USC00055236;(0.0,0.0,-6.0)
USC00055402;(-11.0,17.0,-17.0)
USC00055420;(6.0,6.0,56.0)
USC00055531;(-6.0,-11.0,-6.0)
USC00055706;(-17.0,-89.0,-161.0)
USC00055722;(0.0,-11.0,-28.0)
USC00055934;(0.0,39.0,33.0)
USC00055984;(-61.0,-72.0,-111.0)
USC00056136;(61.0,67.0,56.0)
USC00056266;(6.0,72.0,67.0)
USC00056306;(-11.0,-17.0,11.0)
USC00056832;(33.0,6.0,11.0)
USC00057020;(-44.0,-94.0,-72.0)
USC00057309;(-78.0,-167.0,-150.0)
USC00057317;(-44.0,-106.0,-28.0)
USC00057586;(39.0,33.0,72.0)
USC00058022;(-11.0,-50.0,-44.0)
USC00058157;(0.0,-72.0,-22.0)
USC00058429;(6.0,39.0,33.0)
USC00058436;(39.0,-67.0,-44.0)
USC00058690;(-200.0,-117.0,-50.0)
USC00058756;(-150.0,-67.0,-156.0)
USC00058781;(28.0,-61.0,-89.0)
USC00058839;(-61.0,-94.0,-122.0)
USC00058860;(-39.0,-150.0,-156.0)
USC00058995;(6.0,-50.0,-50.0)
USC00059058;(-28.0,11.0,28.0)
USC00059096;(-67.0,-44.0,-33.0)
USC00059213;(-11.0,11.0,6.0)
USC00059295;(22.0,-39.0,-11.0)
USC00060227;(-50.0,-11.0,-106.0)
USC00060808;(61.0,67.0,50.0)
USC00065910;(-6.0,-50.0,-67.0)
USC00067958;(-6.0,-6.0,33.0)
USC00068138;(56.0,39.0,50.0)
USC00069388;(44.0,33.0,39.0)
USC00080211;(233.0,267.0,267.0)
USC00080737;(233.0,94.0,72.0)
USC00080992;(211.0,222.0,217.0)
USC00081306;(289.0,250.0,261.0)
USC00081641;(206.0,183.0,100.0)
USC00082046;(256.0,256.0,256.0)
USC00082229;(211.0,211.0,211.0)
USC00082441;(256.0,261.0,250.0)
USC00082915;(200.0,172.0,172.0)
USC00083163;(239.0,233.0,233.0)
USC00083168;(233.0,233.0,233.0)
USC00083207;(94.0,78.0,117.0)
USC00083874;(200.0,178.0,117.0)
USC00083909;(200.0,128.0,200.0)
USC00084050;(239.0,222.0,200.0)
USC00084095;(189.0,89.0,83.0)
USC00084210;(222.0,178.0,144.0)
USC00084289;(200.0,206.0,117.0)
USC00084366;(139.0,89.0,111.0)
USC00084394;(189.0,89.0,94.0)
USC00084461;(261.0,261.0,239.0)
USC00084625;(206.0,189.0,150.0)
USC00084662;(189.0,189.0,189.0)
USC00084731;(167.0,161.0,217.0)
USC00085076;(206.0,200.0,111.0)
USC00085275;(167.0,161.0,156.0)
USC00085359;(233.0,256.0,261.0)
USC00085539;(161.0,161.0,172.0)
USC00085612;(211.0,194.0,178.0)
USC00085880;(178.0,200.0,106.0)
USC00085895;(239.0,222.0,228.0)
USC00086048;(211.0,211.0,200.0)
USC00086078;(200.0,206.0,206.0)
USC00086240;(178.0,111.0,139.0)
USC00086315;(250.0,244.0,244.0)
USC00086406;(200.0,161.0,156.0)
USC00086414;(111.0,111.0,17.0)
USC00086618;(128.0,156.0,178.0)
USC00086657;(206.0,200.0,167.0)
USC00086764;(233.0,233.0,228.0)
USC00087020;(233.0,128.0,111.0)
USC00087025;(172.0,189.0,133.0)
USC00087304;(217.0,217.0,217.0)
USC00087826;(183.0,222.0,228.0)
USC00087886;(228.0,233.0,217.0)
USC00087982;(206.0,106.0,72.0)
USC00088529;(189.0,178.0,133.0)
USC00088620;(144.0,89.0,78.0)
USC00088942;(206.0,183.0,217.0)
USC00089176;(194.0,183.0,172.0)
USC00090236;(156.0,72.0,100.0)
USC00090670;(189.0,222.0,222.0)
USC00091266;(167.0,172.0,161.0)
USC00091340;(200.0,178.0,211.0)
USC00091500;(156.0,144.0,144.0)
USC00091640;(133.0,89.0,44.0)
USC00091863;(150.0,67.0,61.0)
USC00092006;(106.0,111.0,111.0)
USC00092361;(189.0,189.0,189.0)
USC00092485;(150.0,133.0,128.0)
USC00092517;(167.0,83.0,-11.0)
USC00092966;(144.0,128.0,139.0)
USC00093060;(167.0,72.0,44.0)
USC00093621;(111.0,-6.0,11.0)
USC00093658;(206.0,100.0,94.0)
USC00094138;(167.0,94.0,61.0)
USC00094170;(178.0,106.0,50.0)
USC00094204;(183.0,161.0,206.0)
USC00094429;(172.0,167.0,161.0)
USC00094700;(172.0,106.0,128.0)
USC00094862;(83.0,89.0,106.0)
USC00095061;(183.0,178.0,167.0)
USC00095492;(206.0,183.0,122.0)
USC00095666;(167.0,167.0,100.0)
USC00095874;(183.0,94.0,61.0)
USC00096087;(178.0,133.0,133.0)
USC00096148;(172.0,50.0,50.0)
USC00096219;(172.0,167.0,33.0)
USC00096838;(206.0,44.0,44.0)
USC00097087;(67.0,83.0,111.0)
USC00097171;(178.0,178.0,178.0)
USC00097528;(156.0,206.0,133.0)
USC00097600;(94.0,72.0,72.0)
USC00097777;(178.0,150.0,139.0)
USC00097808;(183.0,128.0,156.0)
USC00097827;(161.0,44.0,50.0)
USC00098666;(178.0,106.0,44.0)
USC00098703;(172.0,150.0,22.0)
USC00098740;(167.0,89.0,17.0)
USC00098974;(167.0,150.0,156.0)
USC00099124;(117.0,106.0,122.0)
USC00099141;(67.0,72.0,78.0)
USC00099194;(56.0,50.0,89.0)
USC00099486;(156.0,78.0,133.0)
USC00099502;(172.0,167.0,183.0)
USC00100803;(-67.0,-72.0,6.0)
USC00101017;(-11.0,-61.0,-22.0)
USC00101079;(22.0,39.0,0.0)
USC00101408;(17.0,50.0,33.0)
USC00102845;(6.0,6.0,6.0)
USC00103143;(39.0,-17.0,-17.0)
USC00104318;(39.0,28.0,0.0)
USC00104670;(39.0,33.0,44.0)
USC00105143;(39.0,-17.0,-61.0)
USC00105275;(-28.0,-28.0,-28.0)
USC00105685;(-22.0,0.0,33.0)
USC00105708;(-22.0,-94.0,-61.0)
USC00105716;(0.0,33.0,94.0)
USC00106388;(-56.0,33.0,-17.0)
USC00106424;(33.0,-39.0,50.0)
USC00106877;(-28.0,44.0,-56.0)
USC00107046;(-28.0,-33.0,-39.0)
USC00107386;(-11.0,-44.0,-39.0)
USC00108062;(17.0,-22.0,-11.0)
USC00108246;(-17.0,-6.0,33.0)
USC00108676;(-89.0,-78.0,-94.0)
USC00108937;(-44.0,-78.0,-22.0)
USC00109065;(-17.0,6.0,-72.0)
USC00109950;(-28.0,0.0,-83.0)
USC00110072;(72.0,-39.0,-83.0)
USC00110140;(72.0,0.0,-11.0)
USC00110338;(100.0,33.0,56.0)
USC00110598;(78.0,94.0,144.0)
USC00110764;(83.0,17.0,11.0)
USC00110993;(133.0,122.0,156.0)
USC00111329;(122.0,72.0,72.0)
USC00111497;(83.0,44.0,-17.0)
USC00111577;(100.0,100.0,100.0)
USC00112193;(122.0,94.0,44.0)
USC00112223;(133.0,167.0,183.0)
USC00112348;(100.0,144.0,144.0)
USC00112500;(83.0,17.0,17.0)
USC00112687;(117.0,72.0,44.0)
USC00112736;(44.0,50.0,89.0)
USC00112745;(61.0,33.0,44.0)
USC00113106;(117.0,117.0,172.0)
USC00113262;(11.0,-17.0,17.0)
USC00113312;(0.0,56.0,139.0)
USC00113320;(172.0,133.0,133.0)
USC00113384;(33.0,22.0,22.0)
USC00113455;(67.0,33.0,28.0)
USC00114198;(89.0,122.0,178.0)
USC00114355;(94.0,128.0,144.0)
USC00114400;(122.0,178.0,200.0)
USC00114447;(83.0,44.0,44.0)
USC00114530;(167.0,150.0,156.0)
USC00114603;(100.0,44.0,33.0)
USC00114710;(100.0,150.0,144.0)
USC00114780;(206.0,133.0,50.0)
USC00114823;(67.0,56.0,106.0)
USC00115079;(172.0,-78.0,-144.0)
USC00115372;(94.0,22.0,-22.0)
USC00115712;(111.0,22.0,156.0)
USC00115772;(67.0,-6.0,-22.0)
USC00115825;(94.0,106.0,128.0)
USC00115943;(167.0,122.0,144.0)
USC00115961;(78.0,28.0,67.0)
USC00116011;(-67.0,-78.0,-17.0)
USC00116025;(83.0,72.0,83.0)
USC00116080;(78.0,83.0,111.0)
USC00116200;(-11.0,-39.0,-150.0)
USC00116344;(128.0,106.0,133.0)
USC00116446;(128.0,133.0,83.0)
USC00116526;(178.0,167.0,117.0)
USC00116579;(61.0,39.0,39.0)
USC00116616;(72.0,6.0,-22.0)
USC00116661;(83.0,89.0,172.0)
USC00116663;(156.0,167.0,111.0)
USC00116738;(83.0,50.0,83.0)
USC00116837;(67.0,128.0,156.0)
USC00116910;(94.0,83.0,50.0)
USC00116970;(111.0,178.0,206.0)
USC00116998;(78.0,139.0,178.0)
USC00117126;(83.0,139.0,133.0)
USC00117457;(78.0,6.0,-6.0)
USC00117487;(117.0,122.0,167.0)
USC00117551;(39.0,44.0,83.0)
USC00117952;(144.0,128.0,17.0)
USC00118020;(156.0,156.0,83.0)
USC00118186;(178.0,189.0,194.0)
USC00118293;(111.0,89.0,72.0)
USC00118389;(167.0,161.0,44.0)
USC00118634;(94.0,44.0,50.0)
USC00118684;(106.0,94.0,100.0)
USC00118740;(172.0,144.0,106.0)
USC00120200;(0.0,0.0,-56.0)
USC00120784;(161.0,78.0,44.0)
USC00120830;(83.0,44.0,94.0)
USC00121030;(122.0,72.0,106.0)
USC00121326;(72.0,56.0,83.0)
USC00121873;(122.0,39.0,28.0)
USC00122096;(78.0,56.0,61.0)
USC00122620;(106.0,56.0,-6.0)
USC00122814;(83.0,72.0,156.0)
USC00122825;(89.0,106.0,156.0)
USC00123078;(178.0,128.0,50.0)
USC00123082;(133.0,178.0,172.0)
USC00123091;(144.0,78.0,44.0)
USC00123418;(100.0,122.0,161.0)
USC00123527;(128.0,50.0,50.0)
USC00123547;(39.0,178.0,178.0)
USC00123777;(128.0,44.0,50.0)
USC00124181;(78.0,56.0,144.0)
USC00124244;(111.0,133.0,83.0)
USC00124657;(106.0,33.0,94.0)
USC00124662;(106.0,72.0,72.0)
USC00124837;(50.0,78.0,56.0)
USC00125174;(100.0,56.0,56.0)
USC00125337;(78.0,100.0,100.0)
USC00125407;(139.0,156.0,139.0)
USC00126001;(133.0,128.0,72.0)
USC00126164;(161.0,150.0,156.0)
USC00126580;(128.0,83.0,100.0)
USC00126705;(144.0,56.0,56.0)
USC00126830;(94.0,44.0,78.0)
USC00126989;(100.0,94.0,100.0)
USC00127298;(100.0,94.0,100.0)
USC00127370;(172.0,189.0,200.0)
USC00128036;(122.0,67.0,78.0)
USC00128290;(139.0,44.0,67.0)
USC00128442;(167.0,178.0,89.0)
USC00128698;(194.0,222.0,233.0)
USC00128723;(111.0,106.0,56.0)
USC00128784;(78.0,78.0,78.0)
USC00129222;(100.0,33.0,22.0)
USC00129253;(94.0,56.0,33.0)
USC00129430;(100.0,61.0,50.0)
USC00129724;(122.0,117.0,106.0)
USC00130112;(61.0,17.0,22.0)
USC00130133;(128.0,122.0,106.0)
USC00130241;(78.0,89.0,17.0)
USC00130385;(78.0,44.0,44.0)
USC00130536;(172.0,133.0,139.0)
USC00130576;(39.0,17.0,-83.0)
USC00130753;(89.0,94.0,117.0)
USC00130807;(144.0,161.0,178.0)
USC00130923;(61.0,100.0,33.0)
USC00131233;(61.0,78.0,50.0)
USC00131257;(50.0,22.0,94.0)
USC00131277;(106.0,128.0,167.0)
USC00131319;(50.0,22.0,61.0)
USC00131533;(78.0,100.0,67.0)
USC00131635;(33.0,44.0,128.0)
USC00131705;(50.0,44.0,6.0)
USC00131954;(56.0,78.0,61.0)
USC00132041;(39.0,6.0,39.0)
USC00132110;(0.0,-28.0,28.0)
USC00132171;(83.0,39.0,44.0)
USC00132209;(44.0,22.0,-6.0)
USC00132299;(144.0,83.0,78.0)
USC00132364;(117.0,128.0,150.0)
USC00132603;(44.0,156.0,67.0)
USC00132689;(94.0,83.0,78.0)
USC00132864;(67.0,78.0,6.0)
USC00132977;(22.0,6.0,67.0)
USC00132999;(44.0,44.0,67.0)
USC00133007;(56.0,139.0,156.0)
USC00133288;(172.0,194.0,117.0)
USC00133473;(50.0,100.0,94.0)
USC00133487;(78.0,56.0,33.0)
USC00133509;(72.0,89.0,61.0)
USC00133584;(50.0,17.0,44.0)
USC00133909;(28.0,61.0,89.0)
USC00134063;(183.0,167.0,100.0)
USC00134142;(39.0,-6.0,-28.0)
USC00134228;(39.0,-50.0,-33.0)
USC00134381;(83.0,39.0,-11.0)
USC00134705;(117.0,139.0,128.0)
USC00134874;(72.0,72.0,139.0)
USC00134894;(72.0,33.0,72.0)
USC00134963;(44.0,11.0,-39.0)
USC00135086;(44.0,17.0,39.0)
USC00135123;(56.0,39.0,56.0)
USC00135131;(72.0,22.0,44.0)
USC00135198;(28.0,39.0,-11.0)
USC00135230;(44.0,0.0,-11.0)
USC00135769;(-122.0,-94.0,-28.0)
USC00135796;(56.0,50.0,100.0)
USC00135952;(22.0,0.0,44.0)
USC00135992;(161.0,144.0,22.0)
USC00136305;(83.0,-11.0,-17.0)
USC00136316;(50.0,-6.0,-50.0)
USC00136327;(111.0,117.0,78.0)
USC00136566;(183.0,122.0,128.0)
USC00136719;(56.0,17.0,44.0)
USC00136940;(89.0,67.0,139.0)
USC00137147;(22.0,28.0,89.0)
USC00137161;(44.0,0.0,-6.0)
USC00137312;(28.0,22.0,17.0)
USC00137594;(72.0,-17.0,-67.0)
USC00137613;(39.0,39.0,0.0)
USC00137664;(22.0,-28.0,-6.0)
USC00137669;(39.0,-183.0,-78.0)
USC00137700;(78.0,67.0,67.0)
USC00137859;(22.0,72.0,111.0)
USC00137892;(33.0,17.0,-33.0)
USC00137979;(67.0,89.0,150.0)
USC00138296;(172.0,200.0,139.0)
USC00138339;(44.0,44.0,56.0)
USC00138568;(44.0,22.0,44.0)
USC00138688;(67.0,44.0,-11.0)
USC00138806;(50.0,11.0,17.0)
USC00139067;(50.0,-39.0,44.0)
USC00140200;(44.0,44.0,67.0)
USC00140365;(11.0,22.0,-22.0)
USC00140439;(28.0,11.0,28.0)
USC00140482;(22.0,28.0,78.0)
USC00140682;(111.0,139.0,128.0)
USC00140693;(167.0,133.0,122.0)
USC00140810;(61.0,78.0,122.0)
USC00140957;(117.0,89.0,161.0)
USC00141351;(194.0,183.0,172.0)
USC00141559;(67.0,128.0,56.0)
USC00141673;(61.0,61.0,83.0)
USC00141699;(67.0,28.0,89.0)
USC00141740;(111.0,156.0,61.0)
USC00141761;(100.0,167.0,150.0)
USC00141858;(156.0,44.0,11.0)
USC00141867;(128.0,128.0,117.0)
USC00141874;(117.0,144.0,139.0)
USC00142401;(56.0,50.0,144.0)
USC00142432;(67.0,61.0,100.0)
USC00142548;(100.0,139.0,150.0)
USC00142835;(61.0,144.0,167.0)
USC00142980;(17.0,33.0,67.0)
USC00143074;(67.0,133.0,122.0)
USC00143218;(33.0,133.0,111.0)
USC00143523;(50.0,50.0,106.0)
USC00143527;(28.0,44.0,117.0)
USC00143545;(33.0,44.0,172.0)
USC00143554;(61.0,83.0,22.0)
USC00143594;(28.0,50.0,156.0)
USC00143634;(50.0,39.0,33.0)
USC00143759;(44.0,67.0,150.0)
USC00143822;(56.0,50.0,39.0)
USC00143867;(106.0,139.0,172.0)
USC00143929;(22.0,22.0,39.0)
USC00143954;(133.0,106.0,106.0)
USC00143984;(61.0,67.0,72.0)
USC00144178;(106.0,106.0,106.0)
USC00144531;(6.0,0.0,-11.0)
USC00144695;(61.0,111.0,117.0)
USC00144712;(83.0,44.0,78.0)
USC00144972;(50.0,39.0,-6.0)
USC00145063;(50.0,6.0,11.0)
USC00145152;(28.0,117.0,-17.0)
USC00145363;(128.0,111.0,72.0)
USC00145692;(-17.0,-17.0,-83.0)
USC00145744;(72.0,33.0,-156.0)
USC00145888;(-11.0,11.0,-22.0)
USC00145906;(-22.0,-11.0,-6.0)
USC00146076;(61.0,39.0,44.0)
USC00146333;(89.0,100.0,100.0)
USC00146414;(67.0,67.0,139.0)
USC00146808;(11.0,33.0,72.0)
USC00147050;(-6.0,-11.0,22.0)
USC00147305;(50.0,50.0,111.0)
USC00147542;(56.0,44.0,33.0)
USC00147796;(83.0,83.0,78.0)
USC00147922;(-17.0,-28.0,-17.0)
USC00148061;(94.0,83.0,89.0)
USC00148235;(-89.0,-44.0,-117.0)
USC00148240;(-50.0,17.0,39.0)
USC00148259;(133.0,172.0,128.0)
USC00148287;(11.0,83.0,67.0)
USC00148341;(56.0,56.0,83.0)
USC00148535;(28.0,28.0,22.0)
USC00148563;(44.0,39.0,28.0)
USC00148578;(78.0,61.0,72.0)
USC00148670;(6.0,39.0,-44.0)
USC00148946;(94.0,117.0,128.0)
USC00150422;(-22.0,0.0,-22.0)
USC00150450;(133.0,39.0,0.0)
USC00150483;(139.0,56.0,6.0)
USC00150860;(122.0,39.0,-11.0)
USC00150955;(106.0,50.0,28.0)
USC00151080;(133.0,156.0,144.0)
USC00151227;(167.0,172.0,172.0)
USC00151318;(117.0,67.0,22.0)
USC00151810;(94.0,128.0,161.0)
USC00151895;(167.0,167.0,161.0)
USC00152791;(133.0,-33.0,-44.0)
USC00152903;(150.0,50.0,-22.0)
USC00153230;(133.0,78.0,156.0)
USC00153762;(150.0,117.0,106.0)
USC00153768;(83.0,50.0,33.0)
USC00153929;(100.0,194.0,150.0)
USC00154138;(117.0,122.0,89.0)
USC00154375;(128.0,56.0,56.0)
USC00154848;(106.0,167.0,161.0)
USC00154955;(156.0,72.0,39.0)
USC00154958;(167.0,178.0,189.0)
USC00155280;(144.0,144.0,144.0)
USC00155444;(128.0,178.0,61.0)
USC00155640;(6.0,94.0,111.0)
USC00155648;(128.0,128.0,172.0)
USC00155834;(133.0,122.0,156.0)
USC00156012;(122.0,78.0,67.0)
USC00156136;(167.0,72.0,44.0)
USC00156882;(128.0,67.0,28.0)
USC00156988;(117.0,117.0,122.0)
USC00157049;(144.0,39.0,-39.0)
USC00157215;(11.0,22.0,0.0)
USC00157431;(111.0,111.0,111.0)
USC00157652;(144.0,78.0,83.0)
USC00158432;(111.0,117.0,61.0)
USC00158555;(128.0,128.0,128.0)
USC00160098;(150.0,178.0,189.0)
USC00160103;(161.0,133.0,167.0)
USC00160718;(94.0,89.0,89.0)
USC00160800;(117.0,100.0,106.0)
USC00161232;(128.0,100.0,67.0)
USC00161287;(167.0,111.0,144.0)
USC00161411;(144.0,167.0,189.0)
USC00161565;(172.0,117.0,122.0)
USC00161979;(139.0,100.0,94.0)
USC00162367;(133.0,117.0,111.0)
USC00162534;(217.0,233.0,244.0)
USC00163079;(122.0,128.0,128.0)
USC00163313;(239.0,211.0,156.0)
USC00163800;(161.0,161.0,161.0)
USC00163979;(194.0,206.0,206.0)
USC00164674;(139.0,139.0,122.0)
USC00164696;(128.0,100.0,117.0)
USC00164700;(133.0,117.0,122.0)
USC00164739;(161.0,128.0,89.0)
USC00165065;(161.0,150.0,167.0)
USC00165090;(150.0,94.0,78.0)
USC00165266;(128.0,100.0,111.0)
USC00165296;(217.0,211.0,211.0)
USC00166364;(56.0,61.0,61.0)
USC00166394;(194.0,117.0,22.0)
USC00166434;(133.0,83.0,150.0)
USC00166584;(117.0,100.0,150.0)
USC00166686;(189.0,200.0,200.0)
USC00167738;(128.0,17.0,11.0)
USC00168163;(206.0,222.0,206.0)
USC00168444;(83.0,44.0,50.0)
USC00168448;(111.0,117.0,139.0)
USC00168941;(211.0,228.0,183.0)
USC00169013;(200.0,144.0,133.0)
USC00169804;(178.0,128.0,61.0)
USC00170217;(-17.0,-122.0,-239.0)
USC00170409;(-11.0,-17.0,-72.0)
USC00170844;(17.0,11.0,22.0)
USC00171131;(6.0,11.0,-11.0)
USC00171628;(0.0,-28.0,-50.0)
USC00171975;(-39.0,-11.0,-89.0)
USC00172048;(-17.0,6.0,28.0)
USC00172440;(-22.0,-56.0,-111.0)
USC00172700;(-17.0,-72.0,-128.0)
USC00172878;(-56.0,-156.0,-172.0)
USC00173353;(128.0,100.0,128.0)
USC00173567;(-22.0,-139.0,-194.0)
USC00173570;(6.0,50.0,39.0)
USC00173862;(-44.0,-39.0,0.0)
USC00174086;(0.0,39.0,44.0)
USC00174550;(0.0,22.0,56.0)
USC00174745;(-117.0,-122.0,-167.0)
USC00175305;(-67.0,-67.0,-61.0)
USC00175736;(-22.0,-11.0,-22.0)
USC00176707;(-28.0,17.0,39.0)
USC00176721;(-28.0,0.0,-22.0)
USC00176856;(-6.0,-6.0,33.0)
USC00177037;(-89.0,-89.0,-89.0)
USC00177238;(-28.0,-17.0,-6.0)
USC00177336;(-17.0,-33.0,-94.0)
USC00178792;(39.0,22.0,50.0)
USC00178817;(-11.0,-28.0,-22.0)
USC00178965;(-61.0,-94.0,-67.0)
USC00179151;(-6.0,-44.0,-72.0)
USC00179593;(0.0,22.0,-72.0)
USC00179720;(-61.0,-61.0,-56.0)
USC00182282;(83.0,83.0,83.0)
USC00182336;(89.0,100.0,56.0)
USC00183415;(61.0,50.0,94.0)
USC00185865;(111.0,133.0,178.0)
USC00185934;(89.0,-6.0,6.0)
USC00186350;(117.0,133.0,106.0)
USC00186800;(106.0,39.0,44.0)
USC00188065;(83.0,78.0,61.0)
USC00188207;(94.0,67.0,67.0)
USC00188557;(117.0,106.0,128.0)
USC00190120;(-117.0,-89.0,-94.0)
USC00190190;(-17.0,-17.0,33.0)
USC00190408;(-39.0,-6.0,-22.0)
USC00190593;(33.0,28.0,-17.0)
USC00190666;(-83.0,-106.0,-100.0)
USC00190840;(28.0,56.0,117.0)
USC00190860;(33.0,6.0,-200.0)
USC00190998;(39.0,39.0,67.0)
USC00191386;(44.0,28.0,44.0)
USC00192107;(33.0,28.0,61.0)
USC00193624;(33.0,106.0,50.0)
USC00194313;(33.0,50.0,-6.0)
USC00194502;(17.0,-39.0,-11.0)
USC00194711;(28.0,44.0,17.0)
USC00195285;(22.0,33.0,33.0)
USC00196938;(33.0,-6.0,17.0)
USC00198573;(33.0,61.0,-6.0)
USC00198757;(33.0,78.0,17.0)
USC00199891;(-22.0,-111.0,-61.0)
USC00199972;(11.0,28.0,28.0)
USC00200146;(-17.0,-72.0,-61.0)
USC00200197;(28.0,-6.0,6.0)
USC00200228;(67.0,44.0,33.0)
USC00200417;(-17.0,-6.0,-61.0)
USC00200758;(44.0,-11.0,-6.0)
USC00200779;(-111.0,-94.0,-50.0)
USC00200925;(11.0,-33.0,6.0)
USC00201150;(50.0,94.0,100.0)
USC00201178;(50.0,6.0,0.0)
USC00201250;(111.0,67.0,111.0)
USC00201299;(50.0,-17.0,-39.0)
USC00201361;(50.0,-17.0,-6.0)
USC00201435;(22.0,-94.0,-111.0)
USC00201468;(61.0,17.0,-11.0)
USC00201486;(6.0,89.0,56.0)
USC00201492;(28.0,83.0,-6.0)
USC00201502;(44.0,28.0,61.0)
USC00201675;(78.0,67.0,11.0)
USC00201818;(-50.0,-178.0,-61.0)
USC00202015;(33.0,11.0,11.0)
USC00202016;(83.0,89.0,67.0)
USC00202094;(-28.0,-133.0,-50.0)
USC00202250;(106.0,11.0,-6.0)
USC00202308;(83.0,106.0,117.0)
USC00202328;(61.0,117.0,100.0)
USC00202423;(-111.0,-111.0,-28.0)
USC00202598;(11.0,6.0,6.0)
USC00202691;(50.0,22.0,28.0)
USC00203025;(61.0,11.0,33.0)
USC00203096;(28.0,0.0,56.0)
USC00203188;(11.0,-94.0,-144.0)
USC00203278;(61.0,44.0,28.0)
USC00203421;(-28.0,-44.0,-67.0)
USC00203477;(78.0,106.0,6.0)
USC00203632;(83.0,56.0,100.0)
USC00203661;(67.0,39.0,-33.0)
USC00203712;(-17.0,-28.0,-17.0)
USC00203823;(83.0,44.0,78.0)
USC00204104;(17.0,-17.0,17.0)
USC00204161;(17.0,0.0,-33.0)
USC00204257;(50.0,-17.0,-33.0)
USC00204258;(67.0,94.0,111.0)
USC00204502;(0.0,28.0,44.0)
USC00204655;(33.0,94.0,139.0)
USC00204659;(100.0,44.0,28.0)
USC00204793;(67.0,39.0,33.0)
USC00204808;(44.0,44.0,56.0)
USC00204967;(50.0,67.0,72.0)
USC00205050;(56.0,39.0,-17.0)
USC00205073;(33.0,17.0,-22.0)
USC00205390;(72.0,33.0,50.0)
USC00205434;(50.0,-6.0,-28.0)
USC00205451;(100.0,106.0,89.0)
USC00205533;(33.0,28.0,50.0)
USC00205591;(72.0,-28.0,0.0)
USC00205603;(-39.0,-94.0,-61.0)
USC00205690;(0.0,6.0,-17.0)
USC00205816;(33.0,-17.0,-6.0)
USC00205822;(78.0,83.0,100.0)
USC00205892;(39.0,22.0,0.0)
USC00206007;(39.0,44.0,78.0)
USC00206012;(61.0,56.0,78.0)
USC00206080;(-22.0,-33.0,-44.0)
USC00206507;(44.0,22.0,22.0)
USC00206510;(33.0,-22.0,-28.0)
USC00206658;(39.0,39.0,111.0)
USC00206680;(61.0,78.0,56.0)
USC00206982;(56.0,28.0,33.0)
USC00207222;(61.0,50.0,61.0)
USC00207225;(133.0,122.0,67.0)
USC00207275;(22.0,33.0,22.0)
USC00207350;(17.0,61.0,78.0)
USC00207364;(72.0,39.0,72.0)
USC00207684;(111.0,161.0,72.0)
USC00207812;(-17.0,-11.0,-67.0)
USC00208080;(50.0,50.0,50.0)
USC00208184;(100.0,50.0,39.0)
USC00208202;(89.0,67.0,39.0)
USC00208249;(33.0,0.0,-17.0)
USC00208443;(-67.0,-111.0,-78.0)
USC00208774;(83.0,156.0,39.0)
USC00208800;(28.0,22.0,-111.0)
USC00210018;(0.0,0.0,-94.0)
USC00210075;(28.0,11.0,50.0)
USC00210287;(11.0,-17.0,56.0)
USC00210355;(28.0,17.0,-11.0)
USC00210939;(6.0,39.0,33.0)
USC00210989;(-28.0,-133.0,-200.0)
USC00211063;(28.0,6.0,33.0)
USC00211198;(39.0,6.0,22.0)
USC00211250;(33.0,17.0,28.0)
USC00211374;(-17.0,-17.0,-56.0)
USC00211691;(22.0,50.0,6.0)
USC00211771;(6.0,67.0,72.0)
USC00211840;(61.0,0.0,-72.0)
USC00212500;(33.0,-28.0,-117.0)
USC00212555;(11.0,56.0,150.0)
USC00212645;(22.0,22.0,56.0)
USC00212842;(11.0,44.0,83.0)
USC00212881;(39.0,6.0,22.0)
USC00213290;(22.0,6.0,72.0)
USC00214077;(83.0,17.0,28.0)
USC00214093;(-6.0,-33.0,-28.0)
USC00214176;(33.0,11.0,-22.0)
USC00214191;(72.0,122.0,100.0)
USC00214373;(17.0,0.0,6.0)
USC00214453;(117.0,100.0,-72.0)
USC00214534;(67.0,72.0,22.0)
USC00214652;(-11.0,17.0,61.0)
USC00214861;(89.0,128.0,94.0)
USC00214884;(89.0,106.0,133.0)
USC00214994;(111.0,56.0,122.0)
USC00215204;(67.0,56.0,39.0)
USC00215392;(17.0,-11.0,-39.0)
USC00215400;(39.0,72.0,72.0)
USC00215488;(39.0,17.0,39.0)
USC00215563;(50.0,22.0,17.0)
USC00215586;(61.0,33.0,67.0)
USC00215615;(33.0,22.0,61.0)
USC00215638;(94.0,33.0,56.0)
USC00215838;(17.0,17.0,106.0)
USC00215989;(-17.0,-28.0,-22.0)
USC00216287;(133.0,183.0,217.0)
USC00216547;(6.0,-6.0,-22.0)
USC00216612;(11.0,-22.0,22.0)
USC00216654;(156.0,194.0,189.0)
USC00216822;(61.0,22.0,22.0)
USC00216839;(17.0,11.0,22.0)
USC00216920;(6.0,0.0,0.0)
USC00218227;(56.0,61.0,72.0)
USC00218254;(-17.0,-50.0,-122.0)
USC00218311;(-11.0,-144.0,-139.0)
USC00218477;(28.0,78.0,106.0)
USC00218692;(100.0,100.0,83.0)
USC00218808;(78.0,22.0,-11.0)
USC00218907;(-11.0,0.0,33.0)
USC00218986;(33.0,50.0,33.0)
USC00219001;(50.0,56.0,117.0)
USC00219072;(56.0,28.0,22.0)
USC00219173;(6.0,-17.0,-17.0)
USC00219249;(17.0,0.0,-11.0)
USC00220290;(161.0,183.0,189.0)
USC00220792;(200.0,106.0,0.0)
USC00221852;(161.0,56.0,44.0)
USC00221865;(156.0,94.0,111.0)
USC00221962;(139.0,144.0,189.0)
USC00223645;(183.0,133.0,139.0)
USC00223887;(183.0,183.0,183.0)
USC00223975;(194.0,189.0,72.0)
USC00224001;(133.0,183.0,117.0)
USC00224377;(117.0,94.0,100.0)
USC00224869;(172.0,156.0,156.0)
USC00226009;(117.0,200.0,211.0)
USC00226177;(89.0,83.0,28.0)
USC00226527;(167.0,178.0,156.0)
USC00226894;(189.0,94.0,44.0)
USC00227111;(78.0,72.0,72.0)
USC00227560;(167.0,117.0,122.0)
USC00228374;(194.0,189.0,200.0)
USC00229004;(133.0,122.0,128.0)
USC00229230;(222.0,217.0,206.0)
USC00229743;(128.0,100.0,117.0)
USC00229860;(161.0,17.0,-17.0)
USC00230051;(50.0,39.0,78.0)
USC00230143;(56.0,83.0,117.0)
USC00230204;(44.0,72.0,100.0)
USC00230304;(-6.0,6.0,-11.0)
USC00230360;(56.0,33.0,111.0)
USC00230542;(100.0,44.0,28.0)
USC00230608;(106.0,111.0,89.0)
USC00230856;(78.0,100.0,139.0)
USC00230980;(67.0,122.0,161.0)
USC00231087;(122.0,133.0,183.0)
USC00231145;(-150.0,-133.0,-128.0)
USC00231640;(89.0,117.0,106.0)
USC00231711;(94.0,56.0,67.0)
USC00231748;(156.0,156.0,156.0)
USC00231801;(156.0,117.0,150.0)
USC00231822;(44.0,44.0,94.0)
USC00231924;(67.0,72.0,106.0)
USC00232240;(67.0,28.0,22.0)
USC00232318;(144.0,133.0,133.0)
USC00232511;(56.0,0.0,-44.0)
USC00232568;(117.0,128.0,61.0)
USC00232619;(100.0,61.0,83.0)
USC00232850;(72.0,72.0,61.0)
USC00233043;(78.0,67.0,78.0)
USC00233102;(44.0,56.0,139.0)
USC00233375;(133.0,72.0,100.0)
USC00233416;(61.0,6.0,-28.0)
USC00234019;(211.0,211.0,206.0)
USC00234154;(161.0,144.0,150.0)
USC00234271;(106.0,106.0,106.0)
USC00234544;(67.0,72.0,50.0)
USC00234911;(122.0,122.0,100.0)
USC00234982;(89.0,106.0,89.0)
USC00235027;(61.0,72.0,78.0)
USC00235307;(67.0,22.0,6.0)
USC00235340;(44.0,44.0,-22.0)
USC00235492;(-83.0,-44.0,-33.0)
USC00235671;(72.0,61.0,128.0)
USC00235987;(72.0,89.0,150.0)
USC00236012;(106.0,61.0,56.0)
USC00236641;(117.0,117.0,117.0)
USC00236826;(167.0,194.0,200.0)
USC00237051;(72.0,44.0,100.0)
USC00237116;(133.0,111.0,78.0)
USC00237263;(89.0,56.0,61.0)
USC00237300;(94.0,106.0,28.0)
USC00237398;(167.0,156.0,111.0)
USC00237452;(100.0,72.0,0.0)
USC00237475;(94.0,94.0,106.0)
USC00237632;(122.0,128.0,150.0)
USC00237720;(94.0,89.0,89.0)
USC00237963;(122.0,78.0,89.0)
USC00238051;(83.0,144.0,133.0)
USC00238223;(33.0,28.0,-17.0)
USC00238444;(117.0,89.0,39.0)
USC00238526;(56.0,56.0,122.0)
USC00238577;(83.0,72.0,122.0)
USC00238712;(117.0,167.0,161.0)
USC00238740;(44.0,50.0,50.0)
USC00238746;(94.0,33.0,50.0)
USC00238805;(211.0,206.0,211.0)
USC00239034;(44.0,39.0,89.0)
USC00239056;(167.0,172.0,172.0)
USC00240056;(-17.0,50.0,-17.0)
USC00240075;(11.0,44.0,67.0)
USC00240743;(39.0,72.0,56.0)
USC00240780;(28.0,-17.0,-250.0)
USC00240801;(67.0,28.0,17.0)
USC00241084;(-44.0,-33.0,6.0)
USC00241127;(11.0,67.0,67.0)
USC00241169;(-50.0,-106.0,-11.0)
USC00241342;(-6.0,-11.0,-28.0)
USC00241722;(-56.0,-61.0,-133.0)
USC00241737;(6.0,6.0,6.0)
USC00241758;(33.0,33.0,100.0)
USC00241905;(-39.0,33.0,11.0)
USC00241938;(-83.0,44.0,11.0)
USC00242122;(50.0,72.0,0.0)
USC00242409;(-28.0,-78.0,-94.0)
USC00242550;(-50.0,-111.0,-106.0)
USC00242689;(-50.0,-11.0,56.0)
USC00242793;(-128.0,-67.0,-61.0)
USC00243098;(-28.0,-44.0,-6.0)
USC00243110;(-17.0,-72.0,-78.0)
USC00243113;(-39.0,-106.0,-133.0)
USC00243581;(11.0,83.0,139.0)
USC00243617;(-39.0,-11.0,-100.0)
USC00243727;(-11.0,-39.0,-100.0)
USC00243749;(-6.0,-6.0,-111.0)
USC00243753;(-11.0,-22.0,-22.0)
USC00243885;(-39.0,-17.0,-44.0)
USC00243915;(-44.0,-200.0,-311.0)
USC00244084;(44.0,39.0,22.0)
USC00244241;(-94.0,-50.0,-11.0)
USC00244345;(-39.0,-11.0,-17.0)
USC00244358;(-17.0,-11.0,6.0)
USC00244364;(-44.0,-50.0,17.0)
USC00244386;(-61.0,-33.0,67.0)
USC00244506;(-28.0,-33.0,-61.0)
USC00244538;(-50.0,-50.0,-50.0)
USC00244545;(-61.0,-83.0,-50.0)
USC00245011;(-11.0,-8.666666666666666,-6.0)
USC00245080;(50.0,6.0,22.0)
USC00245153;(-133.0,-28.0,17.0)
USC00245603;(-39.0,11.0,33.0)
USC00245712;(-61.0,-33.0,-44.0)
USC00245740;(-17.0,-39.0,-56.0)
USC00245754;(-44.0,6.0,44.0)
USC00245870;(-17.0,-33.0,22.0)
USC00245961;(11.0,-17.0,-56.0)
USC00246007;(-61.0,-67.0,-67.0)
USC00246472;(-128.0,-122.0,-128.0)
USC00246586;(-139.0,-89.0,-78.0)
USC00246601;(-22.0,-33.0,-11.0)
USC00246640;(0.0,0.0,67.0)
USC00246647;(-61.0,-56.0,-11.0)
USC00246862;(-39.0,-44.0,-39.0)
USC00246918;(94.0,111.0,89.0)
USC00247034;(50.0,100.0,72.0)
USC00247214;(11.0,-61.0,-94.0)
USC00247220;(-61.0,-56.0,-22.0)
USC00247247;(-56.0,-17.0,-6.0)
USC00247248;(-67.0,-50.0,-17.0)
USC00247263;(-50.0,-11.0,-39.0)
USC00247560;(-89.0,44.0,67.0)
USC00248211;(44.0,-11.0,6.0)
USC00248324;(-78.0,11.0,-89.0)
USC00248415;(39.0,50.0,-33.0)
USC00248498;(-50.0,6.0,-83.0)
USC00248783;(-39.0,17.0,67.0)
USC00248858;(-39.0,-111.0,-122.0)
USC00248957;(22.0,44.0,-11.0)
USC00249067;(-117.0,-111.0,-117.0)
USC00249187;(-28.0,-11.0,-39.0)
USC00249900;(-56.0,-111.0,-50.0)
USC00250030;(117.0,78.0,172.0)
USC00250050;(139.0,111.0,28.0)
USC00250070;(17.0,56.0,61.0)
USC00250130;(-11.0,-6.0,-28.0)
USC00250365;(-28.0,-22.0,-33.0)
USC00250435;(128.0,111.0,28.0)
USC00251361;(0.0,-6.0,-11.0)
USC00251365;(0.0,-11.0,-28.0)
USC00251408;(78.0,78.0,89.0)
USC00251450;(-6.0,-6.0,-11.0)
USC00251560;(17.0,61.0,6.0)
USC00251590;(6.0,0.0,0.0)
USC00251825;(22.0,6.0,50.0)
USC00252020;(28.0,22.0,22.0)
USC00252037;(28.0,33.0,28.0)
USC00252065;(0.0,-17.0,-17.0)
USC00252145;(-6.0,6.0,22.0)
USC00252205;(100.0,6.0,83.0)
USC00252560;(-22.0,-22.0,-28.0)
USC00252595;(106.0,100.0,128.0)
USC00252790;(-11.0,6.0,17.0)
USC00252820;(17.0,22.0,67.0)
USC00252980;(28.0,28.0,22.0)
USC00253037;(0.0,-11.0,33.0)
USC00253050;(83.0,22.0,17.0)
USC00253175;(-244.0,-178.0,-128.0)
USC00253425;(28.0,50.0,22.0)
USC00253467;(78.0,78.0,172.0)
USC00253605;(-56.0,-50.0,11.0)
USC00253630;(28.0,50.0,89.0)
USC00253735;(11.0,-22.0,28.0)
USC00253910;(6.0,61.0,0.0)
USC00254110;(-28.0,-33.0,6.0)
USC00254335;(22.0,39.0,44.0)
USC00254455;(44.0,50.0,94.0)
USC00254903;(-17.0,-56.0,-83.0)
USC00254985;(33.0,-22.0,6.0)
USC00255250;(100.0,106.0,128.0)
USC00255362;(50.0,139.0,156.0)
USC00255565;(72.0,144.0,106.0)
USC00255700;(-22.0,-28.0,-56.0)
USC00255925;(-17.0,-11.0,-28.0)
USC00255997;(61.0,67.0,61.0)
USC00256075;(33.0,-72.0,-11.0)
USC00256135;(17.0,-6.0,-6.0)
USC00256200;(-11.0,-22.0,-6.0)
USC00256290;(0.0,-6.0,-28.0)
USC00256375;(22.0,17.0,-44.0)
USC00256570;(72.0,67.0,72.0)
USC00257040;(0.0,11.0,-22.0)
USC00257055;(100.0,100.0,117.0)
USC00257715;(28.0,28.0,11.0)
USC00258040;(-33.0,56.0,-11.0)
USC00258320;(11.0,0.0,17.0)
USC00258395;(50.0,17.0,56.0)
USC00258410;(33.0,39.0,83.0)
USC00258465;(122.0,144.0,178.0)
USC00258628;(67.0,67.0,89.0)
USC00258806;(6.0,-28.0,67.0)
USC00258915;(22.0,22.0,-44.0)
USC00259045;(83.0,61.0,117.0)
USC00259193;(139.0,83.0,89.0)
USC00259200;(100.0,83.0,122.0)
USC00261358;(-67.0,28.0,-33.0)
USC00261590;(-50.0,-39.0,-78.0)
USC00262119;(50.0,11.0,6.0)
USC00262431;(6.0,-11.0,-83.0)
USC00262570;(-28.0,-11.0,-28.0)
USC00262708;(-11.0,-111.0,-133.0)
USC00264698;(-72.0,-78.0,-33.0)
USC00264950;(-17.0,33.0,-6.0)
USC00265087;(133.0,161.0,178.0)
USC00265191;(6.0,-39.0,6.0)
USC00265194;(-6.0,-89.0,-83.0)
USC00265371;(-44.0,-33.0,0.0)
USC00265400;(11.0,39.0,22.0)
USC00265818;(11.0,-22.0,-89.0)
USC00265846;(128.0,106.0,111.0)
USC00265890;(139.0,100.0,50.0)
USC00266691;(72.0,94.0,94.0)
USC00266791;(44.0,17.0,11.0)
USC00267175;(-128.0,-50.0,-61.0)
USC00267369;(-11.0,61.0,161.0)
USC00268160;(67.0,33.0,39.0)
USC00268588;(178.0,189.0,206.0)
USC00269168;(6.0,-50.0,-22.0)
USC00270690;(-56.0,6.0,0.0)
USC00270913;(11.0,11.0,-22.0)
USC00271647;(-22.0,11.0,-61.0)
USC00272302;(33.0,50.0,39.0)
USC00272800;(11.0,50.0,33.0)
USC00272999;(6.0,0.0,-94.0)
USC00273182;(-50.0,6.0,-6.0)
USC00273658;(17.0,28.0,106.0)
USC00274234;(-6.0,-11.0,33.0)
USC00274329;(28.0,44.0,67.0)
USC00274399;(0.0,50.0,-56.0)
USC00274480;(28.0,28.0,0.0)
USC00274732;(0.0,17.0,0.0)
USC00275211;(33.0,44.0,-33.0)
USC00275350;(17.0,44.0,61.0)
USC00275868;(6.0,-28.0,33.0)
USC00276234;(-72.0,28.0,-67.0)
USC00278614;(-39.0,-11.0,22.0)
USC00280734;(22.0,28.0,11.0)
USC00280907;(28.0,67.0,89.0)
USC00281582;(72.0,56.0,11.0)
USC00282805;(-44.0,-117.0,-56.0)
USC00283029;(78.0,83.0,78.0)
USC00283181;(-6.0,-50.0,-117.0)
USC00283662;(89.0,183.0,28.0)
USC00283704;(78.0,72.0,6.0)
USC00283951;(106.0,106.0,133.0)
USC00286055;(72.0,83.0,56.0)
USC00287301;(83.0,44.0,28.0)
USC00287936;(133.0,128.0,117.0)
USC00288173;(89.0,111.0,44.0)
USC00289363;(67.0,89.0,89.0)
USC00290231;(-17.0,17.0,89.0)
USC00290245;(33.0,-161.0,-56.0)
USC00290417;(11.0,89.0,22.0)
USC00290600;(17.0,17.0,44.0)
USC00291063;(39.0,17.0,-22.0)
USC00291469;(67.0,6.0,67.0)
USC00291931;(-22.0,-17.0,17.0)
USC00291982;(-106.0,-56.0,-106.0)
USC00292030;(94.0,100.0,56.0)
USC00292608;(-111.0,-122.0,-122.0)
USC00292700;(-39.0,-89.0,-167.0)
USC00292837;(-83.0,-28.0,-100.0)
USC00292865;(-56.0,-72.0,-28.0)
USC00293142;(-61.0,-50.0,-50.0)
USC00293649;(67.0,50.0,39.0)
USC00294009;(-106.0,-100.0,-94.0)
USC00294112;(-6.0,17.0,61.0)
USC00295150;(-11.0,50.0,-28.0)
USC00295908;(-17.0,-128.0,-128.0)
USC00295960;(-17.0,-11.0,17.0)
USC00295968;(-94.0,-94.0,-33.0)
USC00296275;(-33.0,-83.0,-183.0)
USC00296619;(-6.0,50.0,-6.0)
USC00296804;(11.0,11.0,-6.0)
USC00297008;(44.0,-56.0,-56.0)
USC00297180;(-17.0,-100.0,-33.0)
USC00297340;(67.0,56.0,-22.0)
USC00297481;(50.0,22.0,-39.0)
USC00297605;(61.0,-11.0,28.0)
USC00298127;(111.0,89.0,156.0)
USC00298535;(39.0,61.0,83.0)
USC00299156;(61.0,-33.0,-11.0)
USC00300023;(-6.0,61.0,44.0)
USC00300063;(39.0,28.0,83.0)
USC00300085;(6.0,-22.0,67.0)
USC00300183;(-67.0,-111.0,-78.0)
USC00300321;(44.0,67.0,67.0)
USC00300331;(-72.0,-100.0,-61.0)
USC00300343;(17.0,22.0,111.0)
USC00300785;(-11.0,-6.0,61.0)
USC00300889;(-67.0,-83.0,-28.0)
USC00301152;(44.0,67.0,39.0)
USC00301211;(61.0,83.0,94.0)
USC00301309;(67.0,94.0,144.0)
USC00301413;(-44.0,-61.0,-22.0)
USC00301595;(6.0,-11.0,33.0)
USC00301625;(33.0,28.0,33.0)
USC00301708;(-83.0,-94.0,-83.0)
USC00301752;(50.0,33.0,61.0)
USC00301787;(17.0,67.0,44.0)
USC00301974;(67.0,56.0,11.0)
USC00302366;(-6.0,28.0,39.0)
USC00302454;(33.0,50.0,50.0)
USC00302610;(11.0,11.0,11.0)
USC00303050;(-22.0,-39.0,6.0)
USC00303087;(44.0,61.0,72.0)
USC00303184;(50.0,72.0,50.0)
USC00303851;(-17.0,0.0,-11.0)
USC00303955;(39.0,94.0,44.0)
USC00303961;(-200.0,-200.0,-111.0)
USC00303983;(-11.0,39.0,61.0)
USC00304102;(-56.0,-44.0,-28.0)
USC00304174;(-6.0,-22.0,6.0)
USC00304207;(44.0,89.0,83.0)
USC00304575;(17.0,6.0,-6.0)
USC00304808;(56.0,78.0,78.0)
USC00304912;(-56.0,-89.0,-222.0)
USC00305233;(22.0,61.0,28.0)
USC00305597;(44.0,72.0,89.0)
USC00305840;(39.0,50.0,50.0)
USC00305925;(67.0,33.0,33.0)
USC00306085;(17.0,17.0,17.0)
USC00306196;(-17.0,-22.0,-100.0)
USC00306217;(-194.0,-200.0,-122.0)
USC00306356;(-28.0,-122.0,-133.0)
USC00306649;(0.0,17.0,-22.0)
USC00306774;(-50.0,17.0,72.0)
USC00306867;(-11.0,0.0,-22.0)
USC00307705;(56.0,50.0,56.0)
USC00308578;(78.0,-6.0,33.0)
USC00308600;(39.0,50.0,39.0)
USC00308910;(61.0,111.0,89.0)
USC00308932;(-17.0,50.0,39.0)
USC00309072;(-17.0,-17.0,-61.0)
USC00309442;(-6.0,94.0,156.0)
USC00309690;(56.0,67.0,67.0)
USC00310212;(167.0,128.0,111.0)
USC00310356;(183.0,178.0,217.0)
USC00310506;(67.0,17.0,-56.0)
USC00310576;(17.0,172.0,139.0)
USC00310645;(83.0,89.0,89.0)
USC00310982;(-89.0,-100.0,-78.0)
USC00311055;(128.0,50.0,22.0)
USC00311165;(117.0,50.0,33.0)
USC00311420;(50.0,50.0,83.0)
USC00311535;(161.0,133.0,106.0)
USC00311677;(167.0,100.0,100.0)
USC00311820;(106.0,83.0,44.0)
USC00311949;(156.0,194.0,189.0)
USC00311975;(117.0,56.0,-11.0)
USC00312200;(111.0,61.0,50.0)
USC00312238;(189.0,156.0,94.0)
USC00312631;(156.0,83.0,61.0)
USC00313017;(172.0,156.0,128.0)
USC00313072;(128.0,106.0,22.0)
USC00313152;(156.0,94.0,100.0)
USC00313638;(189.0,178.0,172.0)
USC00313919;(161.0,161.0,94.0)
USC00314055;(78.0,-50.0,-156.0)
USC00314471;(139.0,39.0,11.0)
USC00314496;(78.0,-28.0,-89.0)
USC00314684;(167.0,39.0,72.0)
USC00314788;(67.0,89.0,83.0)
USC00314860;(172.0,139.0,161.0)
USC00314938;(156.0,94.0,111.0)
USC00315116;(28.0,-61.0,-33.0)
USC00315123;(161.0,100.0,94.0)
USC00315340;(128.0,67.0,44.0)
USC00315356;(133.0,50.0,-28.0)
USC00315771;(139.0,-11.0,-6.0)
USC00315838;(-17.0,-17.0,-17.0)
USC00315890;(150.0,100.0,44.0)
USC00315923;(61.0,-50.0,0.0)
USC00315996;(161.0,89.0,72.0)
USC00316096;(189.0,133.0,94.0)
USC00316256;(133.0,56.0,-6.0)
USC00316341;(117.0,50.0,61.0)
USC00316676;(194.0,178.0,194.0)
USC00316853;(183.0,161.0,156.0)
USC00317202;(89.0,50.0,150.0)
USC00317319;(44.0,17.0,56.0)
USC00317516;(172.0,122.0,39.0)
USC00317548;(167.0,78.0,28.0)
USC00317813;(178.0,172.0,183.0)
USC00318292;(83.0,0.0,-28.0)
USC00318450;(172.0,206.0,144.0)
USC00318500;(172.0,150.0,133.0)
USC00318694;(72.0,61.0,50.0)
USC00318906;(156.0,200.0,178.0)
USC00319100;(183.0,178.0,133.0)
USC00319123;(117.0,72.0,67.0)
USC00319147;(100.0,50.0,94.0)
USC00319440;(172.0,178.0,189.0)
USC00319461;(183.0,172.0,244.0)
USC00319467;(172.0,156.0,167.0)
USC00319555;(94.0,94.0,33.0)
USC00319675;(-17.0,44.0,117.0)
USC00320382;(50.0,106.0,139.0)
USC00320817;(-6.0,-11.0,6.0)
USC00320941;(-28.0,-61.0,-67.0)
USC00320995;(-56.0,11.0,-33.0)
USC00321435;(11.0,-67.0,-67.0)
USC00322365;(0.0,78.0,-6.0)
USC00323004;(-22.0,-17.0,-22.0)
USC00323376;(11.0,67.0,128.0)
USC00324418;(17.0,17.0,28.0)
USC00325186;(11.0,11.0,50.0)
USC00325660;(-50.0,-33.0,22.0)
USC00325813;(-72.0,-44.0,28.0)
USC00326365;(-6.0,-50.0,44.0)
USC00329233;(0.0,11.0,117.0)
USC00329445;(-50.0,-44.0,-44.0)
USC00330563;(44.0,106.0,156.0)
USC00330676;(61.0,50.0,67.0)
USC00330862;(89.0,67.0,17.0)
USC00331042;(17.0,-22.0,11.0)
USC00331197;(172.0,178.0,200.0)
USC00331404;(128.0,144.0,128.0)
USC00331458;(33.0,100.0,72.0)
USC00331515;(-39.0,-6.0,39.0)
USC00331541;(150.0,11.0,22.0)
USC00331592;(128.0,56.0,94.0)
USC00332974;(61.0,11.0,11.0)
USC00333029;(144.0,83.0,67.0)
USC00333500;(111.0,117.0,100.0)
USC00333758;(100.0,139.0,83.0)
USC00333915;(94.0,33.0,28.0)
USC00334004;(122.0,161.0,106.0)
USC00334403;(139.0,156.0,144.0)
USC00334551;(100.0,100.0,100.0)
USC00334681;(133.0,133.0,56.0)
USC00334874;(72.0,44.0,-11.0)
USC00335505;(128.0,6.0,0.0)
USC00335857;(122.0,44.0,78.0)
USC00336465;(33.0,61.0,50.0)
USC00338609;(83.0,67.0,39.0)
USC00338769;(67.0,67.0,106.0)
USC00338794;(128.0,50.0,78.0)
USC00338810;(72.0,72.0,56.0)
USC00338822;(22.0,11.0,22.0)
USC00338830;(22.0,61.0,117.0)
USC00339219;(128.0,56.0,44.0)
USC00339312;(106.0,56.0,56.0)
USC00340184;(172.0,94.0,150.0)
USC00340256;(61.0,61.0,139.0)
USC00340546;(178.0,206.0,211.0)
USC00340818;(61.0,78.0,61.0)
USC00340830;(50.0,39.0,22.0)
USC00341744;(89.0,83.0,72.0)
USC00341828;(61.0,-22.0,-28.0)
USC00342912;(117.0,117.0,139.0)
USC00343628;(50.0,67.0,89.0)
USC00344001;(50.0,-17.0,0.0)
USC00344019;(100.0,100.0,89.0)
USC00346139;(67.0,78.0,100.0)
USC00346386;(72.0,100.0,72.0)
USC00348380;(50.0,39.0,22.0)
USC00350699;(-17.0,-17.0,-78.0)
USC00350897;(61.0,61.0,56.0)
USC00351058;(78.0,39.0,39.0)
USC00352693;(6.0,-6.0,78.0)
USC00353232;(-11.0,-22.0,-72.0)
USC00353604;(-33.0,-6.0,67.0)
USC00353770;(67.0,67.0,6.0)
USC00353818;(33.0,28.0,0.0)
USC00353827;(33.0,11.0,11.0)
USC00354291;(-22.0,-17.0,-33.0)
USC00354622;(-39.0,-39.0,-28.0)
USC00354811;(44.0,28.0,28.0)
USC00355020;(-22.0,-100.0,-167.0)
USC00355055;(-11.0,-17.0,-11.0)
USC00355139;(-22.0,-28.0,-22.0)
USC00355160;(-22.0,6.0,11.0)
USC00355392;(50.0,22.0,-17.0)
USC00355638;(22.0,-28.0,-28.0)
USC00355734;(39.0,50.0,22.0)
USC00356179;(61.0,50.0,56.0)
USC00356252;(-11.0,11.0,-56.0)
USC00356294;(-28.0,11.0,6.0)
USC00356405;(61.0,17.0,-22.0)
USC00356532;(-39.0,17.0,22.0)
USC00356550;(6.0,17.0,31.714285714285715)
USC00356749;(67.0,61.0,56.0)
USC00357169;(28.0,28.0,17.0)
USC00357391;(67.0,67.0,94.0)
USC00357857;(-45.75,0.0,-28.0)
USC00358246;(-56.0,-61.0,-39.0)
USC00358466;(33.0,39.0,39.0)
USC00358494;(50.0,72.0,28.0)
USC00358536;(17.0,28.0,28.0)
USC00358634;(50.0,83.0,94.0)
USC00359461;(78.0,72.0,61.0)
USC00360022;(144.0,133.0,117.0)
USC00360147;(33.0,72.0,89.0)
USC00360656;(100.0,50.0,67.0)
USC00360861;(128.0,128.0,133.0)
USC00360868;(6.0,44.0,50.0)
USC00361212;(0.0,11.0,-22.0)
USC00361362;(-67.0,-67.0,-111.0)
USC00361377;(122.0,144.0,78.0)
USC00361705;(50.0,94.0,39.0)
USC00361726;(100.0,106.0,128.0)
USC00361751;(0.0,6.0,-50.0)
USC00361802;(-22.0,-100.0,-156.0)
USC00361810;(-17.0,-22.0,11.0)
USC00361838;(-11.0,-11.0,11.0)
USC00361920;(78.0,100.0,122.0)
USC00362183;(89.0,11.0,-11.0)
USC00362221;(39.0,-22.0,-22.0)
USC00362470;(78.0,50.0,-6.0)
USC00363018;(-67.0,-56.0,-28.0)
USC00363028;(78.0,89.0,33.0)
USC00363311;(11.0,17.0,-44.0)
USC00363321;(78.0,111.0,111.0)
USC00363343;(111.0,89.0,89.0)
USC00363417;(33.0,72.0,72.0)
USC00363451;(94.0,122.0,72.0)
USC00363632;(167.0,72.0,61.0)
USC00363665;(94.0,100.0,150.0)
USC00363698;(78.0,33.0,0.0)
USC00363758;(-11.0,-50.0,-56.0)
USC00364214;(44.0,22.0,-17.0)
USC00364763;(89.0,106.0,150.0)
USC00364839;(50.0,33.0,33.0)
USC00364976;(-17.0,-11.0,11.0)
USC00364992;(83.0,89.0,61.0)
USC00365050;(67.0,-22.0,-22.0)
USC00365109;(6.0,17.0,56.0)
USC00365344;(17.0,6.0,-17.0)
USC00365686;(61.0,44.0,61.0)
USC00365738;(6.0,17.0,-39.0)
USC00365902;(89.0,33.0,-44.0)
USC00366151;(144.0,167.0,139.0)
USC00366194;(-44.0,-128.0,-144.0)
USC00366238;(33.0,28.0,-28.0)
USC00366649;(0.0,39.0,100.0)
USC00366921;(156.0,100.0,100.0)
USC00366927;(100.0,61.0,61.0)
USC00367029;(-56.0,-39.0,-44.0)
USC00367073;(100.0,72.0,39.0)
USC00367103;(-17.0,39.0,61.0)
USC00367312;(139.0,178.0,111.0)
USC00367409;(39.0,39.0,50.0)
USC00367732;(111.0,117.0,133.0)
USC00367782;(94.0,72.0,44.0)
USC00367931;(50.0,100.0,78.0)
USC00367938;(72.0,100.0,117.0)
USC00368073;(11.0,161.0,144.0)
USC00368184;(83.0,128.0,-6.0)
USC00368308;(72.0,44.0,50.0)
USC00368361;(67.0,50.0,67.0)
USC00368400;(11.0,17.0,17.0)
USC00368449;(56.0,-22.0,0.0)
USC00368469;(22.0,56.0,44.0)
USC00368668;(78.0,106.0,0.0)
USC00368868;(22.0,22.0,72.0)
USC00368888;(-22.0,-22.0,61.0)
USC00368905;(11.0,72.0,89.0)
USC00369050;(89.0,139.0,156.0)
USC00369298;(-11.0,33.0,28.0)
USC00369408;(28.0,67.0,94.0)
USC00369823;(78.0,0.0,89.0)
USC00369933;(78.0,94.0,156.0)
USC00377581;(0.0,-39.0,33.0)
USC00380072;(167.0,183.0,189.0)
USC00380184;(50.0,0.0,22.0)
USC00380448;(161.0,133.0,128.0)
USC00380490;(161.0,150.0,117.0)
USC00380736;(128.0,78.0,61.0)
USC00381241;(183.0,194.0,183.0)
USC00381277;(172.0,189.0,183.0)
USC00381479;(200.0,206.0,206.0)
USC00381633;(167.0,111.0,111.0)
USC00381726;(172.0,111.0,139.0)
USC00381944;(156.0,167.0,128.0)
USC00382730;(61.0,67.0,78.0)
USC00382735;(156.0,128.0,117.0)
USC00383470;(178.0,228.0,150.0)
USC00383735;(78.0,78.0,78.0)
USC00383758;(150.0,122.0,117.0)
USC00383990;(194.0,189.0,128.0)
USC00384205;(172.0,178.0,167.0)
USC00384581;(122.0,56.0,56.0)
USC00384607;(94.0,61.0,72.0)
USC00385200;(172.0,106.0,122.0)
USC00385493;(172.0,150.0,-11.0)
USC00385633;(144.0,172.0,217.0)
USC00385660;(172.0,100.0,61.0)
USC00386114;(183.0,183.0,172.0)
USC00386209;(172.0,94.0,78.0)
USC00386527;(72.0,56.0,83.0)
USC00386831;(167.0,78.0,139.0)
USC00387631;(61.0,-11.0,78.0)
USC00387687;(167.0,89.0,100.0)
USC00388426;(178.0,156.0,161.0)
USC00388472;(72.0,83.0,122.0)
USC00388887;(161.0,83.0,22.0)
USC00388922;(78.0,-6.0,111.0)
USC00388979;(172.0,122.0,100.0)
USC00389327;(156.0,150.0,172.0)
USC00389625;(150.0,161.0,128.0)
USC00390128;(28.0,-33.0,-17.0)
USC00391032;(83.0,89.0,117.0)
USC00391076;(22.0,-22.0,11.0)
USC00391777;(56.0,22.0,-28.0)
USC00392302;(83.0,72.0,128.0)
USC00392429;(-33.0,-22.0,33.0)
USC00392557;(-83.0,-39.0,-72.0)
USC00392927;(-56.0,-44.0,89.0)
USC00393211;(-6.0,11.0,33.0)
USC00393294;(33.0,67.0,72.0)
USC00394007;(44.0,94.0,128.0)
USC00394037;(28.0,72.0,56.0)
USC00394206;(-11.0,-33.0,0.0)
USC00394630;(-78.0,-22.0,-22.0)
USC00394834;(-6.0,11.0,67.0)
USC00394864;(-33.0,11.0,39.0)
USC00395048;(-11.0,-11.0,-89.0)
USC00395090;(11.0,22.0,6.0)
USC00395325;(-50.0,-56.0,17.0)
USC00395360;(6.0,6.0,28.0)
USC00395531;(11.0,-17.0,17.0)
USC00395638;(-39.0,-33.0,6.0)
USC00395669;(94.0,100.0,89.0)
USC00395870;(-33.0,-150.0,-178.0)
USC00395891;(28.0,0.0,6.0)
USC00396212;(-50.0,-39.0,-17.0)
USC00396304;(-67.0,-94.0,-194.0)
USC00396427;(-44.0,-161.0,-178.0)
USC00396574;(28.0,-11.0,-22.0)
USC00396947;(56.0,17.0,-22.0)
USC00396948;(11.0,33.0,106.0)
USC00397073;(-44.0,-78.0,-72.0)
USC00397277;(28.0,-56.0,-61.0)
USC00397326;(17.0,-22.0,6.0)
USC00397545;(122.0,111.0,78.0)
USC00398307;(-28.0,-28.0,-56.0)
USC00398472;(11.0,-28.0,11.0)
USC00398622;(22.0,-44.0,0.0)
USC00398911;(0.0,-28.0,-28.0)
USC00398980;(28.0,22.0,17.0)
USC00399004;(6.0,-17.0,-17.0)
USC00399070;(56.0,111.0,139.0)
USC00399347;(-106.0,-122.0,-50.0)
USC00399355;(0.0,6.0,61.0)
USC00399442;(-33.0,-94.0,-22.0)
USC00400081;(61.0,-22.0,6.0)
USC00400137;(128.0,44.0,11.0)
USC00400284;(144.0,156.0,178.0)
USC00400876;(117.0,150.0,172.0)
USC00401145;(128.0,211.0,222.0)
USC00401310;(133.0,94.0,44.0)
USC00401352;(139.0,178.0,150.0)
USC00401480;(167.0,183.0,178.0)
USC00401585;(122.0,122.0,133.0)
USC00401640;(178.0,144.0,111.0)
USC00401887;(122.0,117.0,133.0)
USC00401957;(133.0,156.0,156.0)
USC00402388;(133.0,67.0,56.0)
USC00402390;(128.0,78.0,83.0)
USC00402489;(117.0,39.0,44.0)
USC00402989;(139.0,206.0,206.0)
USC00403280;(128.0,39.0,50.0)
USC00403420;(117.0,106.0,106.0)
USC00403447;(189.0,183.0,200.0)
USC00403679;(89.0,72.0,106.0)
USC00404033;(89.0,172.0,183.0)
USC00404417;(167.0,178.0,83.0)
USC00404561;(133.0,133.0,133.0)
USC00404567;(161.0,194.0,161.0)
USC00404568;(156.0,128.0,128.0)
USC00404871;(133.0,117.0,117.0)
USC00405035;(144.0,194.0,178.0)
USC00405158;(111.0,78.0,94.0)
USC00405187;(139.0,17.0,22.0)
USC00405210;(-67.0,-150.0,-161.0)
USC00405358;(133.0,39.0,39.0)
USC00405525;(172.0,122.0,83.0)
USC00405595;(128.0,44.0,11.0)
USC00405956;(44.0,-11.0,44.0)
USC00406012;(111.0,111.0,33.0)
USC00406162;(100.0,50.0,28.0)
USC00406170;(133.0,161.0,133.0)
USC00406180;(133.0,128.0,128.0)
USC00406272;(117.0,72.0,78.0)
USC00406328;(39.0,-22.0,-33.0)
USC00406371;(133.0,178.0,178.0)
USC00406403;(139.0,50.0,50.0)
USC00406493;(128.0,67.0,-11.0)
USC00406534;(111.0,89.0,167.0)
USC00406619;(17.0,-28.0,-56.0)
USC00406803;(222.0,217.0,189.0)
USC00406806;(94.0,78.0,72.0)
USC00406977;(150.0,144.0,161.0)
USC00407459;(150.0,44.0,-22.0)
USC00407770;(89.0,61.0,56.0)
USC00407808;(122.0,56.0,67.0)
USC00408160;(17.0,-50.0,-28.0)
USC00408405;(133.0,72.0,133.0)
USC00408522;(167.0,206.0,139.0)
USC00408562;(133.0,144.0,117.0)
USC00408868;(111.0,78.0,83.0)
USC00409065;(94.0,89.0,78.0)
USC00409434;(133.0,100.0,156.0)
USC00409709;(111.0,61.0,67.0)
USC00410012;(11.0,6.0,89.0)
USC00410120;(0.0,-17.0,-56.0)
USC00410174;(139.0,56.0,128.0)
USC00410176;(128.0,28.0,-33.0)
USC00410250;(61.0,94.0,144.0)
USC00410268;(111.0,78.0,61.0)
USC00410337;(100.0,139.0,150.0)
USC00410394;(111.0,139.0,161.0)
USC00410404;(83.0,100.0,100.0)
USC00410408;(94.0,133.0,128.0)
USC00410433;(106.0,56.0,56.0)
USC00410436;(178.0,161.0,167.0)
USC00410493;(28.0,-17.0,22.0)
USC00410586;(156.0,100.0,61.0)
USC00410611;(111.0,122.0,167.0)
USC00410613;(156.0,100.0,106.0)
USC00410655;(156.0,194.0,161.0)
USC00410832;(111.0,78.0,89.0)
USC00410923;(83.0,61.0,28.0)
USC00410926;(61.0,72.0,150.0)
USC00410958;(67.0,56.0,117.0)
USC00411000;(150.0,100.0,100.0)
USC00411048;(72.0,67.0,111.0)
USC00411246;(100.0,33.0,33.0)
USC00411250;(61.0,117.0,122.0)
USC00411267;(-17.0,-11.0,-11.0)
USC00411500;(122.0,78.0,39.0)
USC00411578;(89.0,50.0,50.0)
USC00411596;(94.0,89.0,39.0)
USC00411671;(167.0,133.0,150.0)
USC00411694;(56.0,78.0,111.0)
USC00411720;(189.0,211.0,183.0)
USC00411880;(183.0,183.0,150.0)
USC00411934;(128.0,106.0,56.0)
USC00412013;(183.0,178.0,172.0)
USC00412019;(72.0,61.0,67.0)
USC00412082;(83.0,67.0,-6.0)
USC00412121;(-11.0,-72.0,-67.0)
USC00412125;(161.0,144.0,61.0)
USC00412238;(39.0,67.0,-17.0)
USC00412394;(150.0,161.0,172.0)
USC00412404;(94.0,83.0,83.0)
USC00412408;(56.0,50.0,89.0)
USC00412464;(0.0,-44.0,-122.0)
USC00412617;(44.0,50.0,56.0)
USC00412741;(33.0,89.0,44.0)
USC00412786;(139.0,39.0,56.0)
USC00413183;(139.0,83.0,89.0)
USC00413214;(89.0,89.0,-11.0)
USC00413257;(94.0,94.0,78.0)
USC00413265;(50.0,89.0,172.0)
USC00413280;(56.0,-11.0,6.0)
USC00413285;(61.0,83.0,78.0)
USC00413289;(61.0,22.0,17.0)
USC00413340;(167.0,167.0,200.0)
USC00413368;(-11.0,-22.0,-17.0)
USC00413411;(50.0,83.0,133.0)
USC00413485;(89.0,50.0,56.0)
USC00413614;(100.0,117.0,106.0)
USC00413787;(-39.0,-22.0,33.0)
USC00413828;(-11.0,-89.0,50.0)
USC00413877;(94.0,0.0,-11.0)
USC00413972;(-11.0,-22.0,-11.0)
USC00414202;(78.0,78.0,78.0)
USC00414254;(133.0,156.0,128.0)
USC00414333;(122.0,106.0,111.0)
USC00414382;(189.0,233.0,217.0)
USC00414570;(39.0,33.0,56.0)
USC00414710;(61.0,133.0,100.0)
USC00414770;(39.0,39.0,56.0)
USC00414782;(44.0,33.0,-44.0)
USC00414810;(183.0,161.0,194.0)
USC00414911;(150.0,144.0,150.0)
USC00414967;(50.0,61.0,28.0)
USC00414968;(50.0,-6.0,33.0)
USC00414976;(106.0,122.0,144.0)
USC00414982;(83.0,-11.0,-133.0)
USC00415013;(83.0,-22.0,-17.0)
USC00415048;(144.0,44.0,-28.0)
USC00415060;(161.0,194.0,172.0)
USC00415183;(6.0,11.0,28.0)
USC00415196;(89.0,83.0,28.0)
USC00415247;(28.0,44.0,50.0)
USC00415272;(111.0,50.0,67.0)
USC00415341;(100.0,28.0,33.0)
USC00415415;(117.0,178.0,144.0)
USC00415435;(128.0,133.0,189.0)
USC00415477;(100.0,-44.0,72.0)
USC00415618;(133.0,133.0,133.0)
USC00415650;(67.0,94.0,-17.0)
USC00415658;(100.0,83.0,122.0)
USC00415661;(172.0,161.0,161.0)
USC00415701;(200.0,228.0,156.0)
USC00415707;(28.0,-11.0,-17.0)
USC00415821;(61.0,61.0,83.0)
USC00415822;(200.0,183.0,78.0)
USC00415861;(39.0,83.0,94.0)
USC00416074;(28.0,28.0,33.0)
USC00416104;(100.0,-44.0,-33.0)
USC00416135;(44.0,33.0,-22.0)
USC00416137;(-22.0,-6.0,6.0)
USC00416177;(183.0,178.0,94.0)
USC00416273;(122.0,117.0,94.0)
USC00416644;(89.0,111.0,17.0)
USC00416680;(178.0,144.0,122.0)
USC00416733;(83.0,50.0,-11.0)
USC00416740;(89.0,139.0,44.0)
USC00416785;(39.0,67.0,117.0)
USC00416794;(194.0,228.0,150.0)
USC00417074;(61.0,56.0,83.0)
USC00417079;(100.0,128.0,122.0)
USC00417081;(17.0,78.0,167.0)
USC00417111;(106.0,89.0,200.0)
USC00417183;(167.0,167.0,167.0)
USC00417184;(144.0,61.0,144.0)
USC00417206;(56.0,56.0,83.0)
USC00417327;(150.0,189.0,178.0)
USC00417622;(189.0,183.0,167.0)
USC00417669;(-44.0,194.0,128.0)
USC00417743;(144.0,200.0,167.0)
USC00417782;(67.0,83.0,106.0)
USC00417936;(144.0,100.0,89.0)
USC00417944;(56.0,44.0,33.0)
USC00418040;(72.0,44.0,-33.0)
USC00418236;(56.0,56.0,6.0)
USC00418274;(133.0,133.0,133.0)
USC00418323;(22.0,-44.0,-28.0)
USC00418415;(72.0,94.0,139.0)
USC00418433;(-39.0,-33.0,-33.0)
USC00418449;(156.0,44.0,44.0)
USC00418487;(178.0,194.0,200.0)
USC00418566;(100.0,100.0,128.0)
USC00418818;(133.0,56.0,56.0)
USC00418862;(100.0,106.0,167.0)
USC00419101;(72.0,72.0,56.0)
USC00419163;(117.0,117.0,167.0)
USC00419175;(6.0,-11.0,33.0)
USC00419191;(67.0,22.0,33.0)
USC00419207;(89.0,106.0,61.0)
USC00419295;(94.0,67.0,61.0)
USC00419367;(156.0,139.0,111.0)
USC00419491;(28.0,39.0,17.0)
USC00419499;(44.0,6.0,78.0)
USC00419754;(122.0,83.0,83.0)
USC00419800;(83.0,83.0,178.0)
USC00419847;(17.0,-50.0,39.0)
USC00419952;(72.0,83.0,167.0)
USC00420061;(22.0,-11.0,-6.0)
USC00420074;(-17.0,-100.0,-106.0)
USC00420788;(-33.0,-67.0,-72.0)
USC00421020;(67.0,106.0,83.0)
USC00421168;(-67.0,28.0,44.0)
USC00421171;(50.0,0.0,-33.0)
USC00421259;(-39.0,-28.0,-100.0)
USC00421308;(-56.0,-17.0,-50.0)
USC00422558;(-11.0,0.0,22.0)
USC00422592;(-78.0,-122.0,-106.0)
USC00422607;(-111.0,-67.0,-78.0)
USC00422798;(22.0,39.0,72.0)
USC00422828;(22.0,17.0,-17.0)
USC00423012;(-56.0,-117.0,-50.0)
USC00424100;(-11.0,11.0,11.0)
USC00424856;(-22.0,-89.0,-56.0)
USC00424968;(94.0,39.0,11.0)
USC00425065;(-72.0,-22.0,-22.0)
USC00425138;(-44.0,-17.0,-44.0)
USC00425148;(-111.0,-200.0,-139.0)
USC00425402;(-11.0,-11.0,-44.0)
USC00425733;(28.0,28.0,78.0)
USC00426123;(-50.0,-78.0,-61.0)
USC00426135;(28.0,17.0,11.0)
USC00426181;(-67.0,-111.0,-111.0)
USC00426357;(-11.0,-6.0,50.0)
USC00426405;(50.0,56.0,-6.0)
USC00426869;(17.0,-78.0,-17.0)
USC00427165;(-39.0,-100.0,-83.0)
USC00427516;(67.0,17.0,50.0)
USC00427606;(56.0,50.0,61.0)
USC00428771;(-28.0,-17.0,17.0)
USC00431565;(6.0,28.0,-33.0)
USC00432773;(22.0,0.0,-33.0)
USC00434120;(22.0,0.0,-39.0)
USC00435416;(-11.0,0.0,-28.0)
USC00435542;(-11.0,22.0,-22.0)
USC00435733;(-28.0,-44.0,-56.0)
USC00435768;(28.0,28.0,-6.0)
USC00436391;(0.0,44.0,22.0)
USC00436995;(-22.0,-78.0,-139.0)
USC00437054;(22.0,-33.0,67.0)
USC00438169;(-28.0,-33.0,-28.0)
USC00438172;(-33.0,-67.0,-133.0)
USC00438556;(11.0,33.0,17.0)
USC00438652;(-17.0,-6.0,6.0)
USC00439988;(-11.0,44.0,94.0)
USC00440021;(133.0,67.0,0.0)
USC00440243;(17.0,0.0,0.0)
USC00440860;(106.0,106.0,122.0)
USC00440993;(89.0,144.0,50.0)
USC00441082;(128.0,117.0,89.0)
USC00441209;(106.0,39.0,-89.0)
USC00441585;(100.0,-6.0,-50.0)
USC00441593;(133.0,6.0,-11.0)
USC00441614;(172.0,56.0,56.0)
USC00441692;(-44.0,-89.0,-61.0)
USC00441999;(111.0,61.0,33.0)
USC00442044;(106.0,78.0,17.0)
USC00442142;(128.0,122.0,61.0)
USC00442208;(106.0,-33.0,6.0)
USC00442663;(83.0,83.0,72.0)
USC00442790;(161.0,89.0,6.0)
USC00443229;(6.0,-11.0,-44.0)
USC00443272;(83.0,72.0,72.0)
USC00443310;(100.0,78.0,50.0)
USC00444101;(44.0,33.0,11.0)
USC00444128;(100.0,50.0,-6.0)
USC00444414;(161.0,133.0,78.0)
USC00444876;(61.0,-11.0,50.0)
USC00445050;(-6.0,67.0,67.0)
USC00445096;(89.0,83.0,11.0)
USC00445300;(150.0,67.0,11.0)
USC00445453;(139.0,161.0,167.0)
USC00445595;(50.0,89.0,128.0)
USC00445851;(-22.0,61.0,-67.0)
USC00446125;(117.0,133.0,189.0)
USC00446147;(172.0,156.0,189.0)
USC00446161;(139.0,167.0,194.0)
USC00446692;(150.0,106.0,50.0)
USC00446712;(117.0,128.0,50.0)
USC00446999;(-17.0,-44.0,-33.0)
USC00447174;(28.0,33.0,50.0)
USC00447278;(111.0,89.0,89.0)
USC00447338;(161.0,172.0,83.0)
USC00447506;(128.0,67.0,61.0)
USC00447925;(61.0,144.0,56.0)
USC00447985;(89.0,50.0,56.0)
USC00448062;(100.0,72.0,56.0)
USC00448084;(94.0,61.0,61.0)
USC00448170;(139.0,100.0,17.0)
USC00448737;(156.0,139.0,156.0)
USC00448800;(-33.0,-39.0,56.0)
USC00448941;(100.0,94.0,106.0)
USC00449151;(100.0,78.0,100.0)
USC00449181;(78.0,94.0,106.0)
USC00449263;(-28.0,-22.0,28.0)
USC00449301;(111.0,61.0,28.0)
USC00450008;(67.0,50.0,67.0)
USC00450844;(-17.0,-11.0,-11.0)
USC00450872;(39.0,50.0,72.0)
USC00451350;(0.0,0.0,-6.0)
USC00451630;(28.0,39.0,28.0)
USC00451666;(-39.0,-50.0,-61.0)
USC00451760;(33.0,61.0,78.0)
USC00451767;(22.0,-17.0,6.0)
USC00452007;(6.0,6.0,-22.0)
USC00452030;(11.0,33.0,6.0)
USC00452157;(50.0,33.0,28.0)
USC00452675;(50.0,50.0,44.0)
USC00453222;(6.0,-39.0,-44.0)
USC00453529;(-28.0,-17.0,-50.0)
USC00453730;(-61.0,-6.0,-28.0)
USC00453826;(-28.0,-39.0,-83.0)
USC00454154;(6.0,6.0,6.0)
USC00454169;(61.0,50.0,22.0)
USC00454338;(-22.0,-20.0,-5.722222222222222)
USC00454679;(44.0,44.0,11.0)
USC00454764;(28.0,33.0,22.0)
USC00455110;(44.0,39.0,39.0)
USC00455133;(-11.0,28.0,67.0)
USC00455525;(6.0,-11.0,33.0)
USC00455840;(44.0,50.0,39.0)
USC00455946;(17.0,-28.0,-28.0)
USC00456039;(11.0,28.0,17.0)
USC00456123;(-6.0,-50.0,-50.0)
USC00456747;(89.0,83.0,83.0)
USC00456789;(-28.0,-28.0,-17.0)
USC00456914;(50.0,33.0,61.0)
USC00456974;(-50.0,-111.0,0.0)
USC00457015;(28.0,28.0,-17.0)
USC00457180;(17.0,39.0,17.0)
USC00457185;(33.0,28.0,11.0)
USC00457247;(61.0,128.0,11.0)
USC00457941;(33.0,6.0,-28.0)
USC00458059;(0.0,-17.0,0.0)
USC00458278;(61.0,39.0,67.0)
USC00458715;(22.0,11.0,-11.0)
USC00459012;(94.0,83.0,78.0)
USC00459376;(6.0,-50.0,-56.0)
USC00460509;(61.0,39.0,0.0)
USC00460527;(44.0,61.0,28.0)
USC00460580;(-94.0,-67.0,44.0)
USC00460925;(100.0,83.0,100.0)
USC00461215;(33.0,117.0,106.0)
USC00461220;(72.0,56.0,50.0)
USC00461397;(72.0,94.0,72.0)
USC00462211;(56.0,72.0,72.0)
USC00462920;(106.0,111.0,111.0)
USC00463251;(83.0,39.0,-11.0)
USC00463361;(133.0,28.0,-17.0)
USC00463648;(111.0,61.0,78.0)
USC00463798;(28.0,-94.0,-100.0)
USC00463940;(106.0,72.0,89.0)
USC00464397;(100.0,128.0,17.0)
USC00464840;(61.0,67.0,78.0)
USC00465224;(-17.0,-28.0,-22.0)
USC00465353;(22.0,22.0,28.0)
USC00465626;(78.0,72.0,94.0)
USC00465706;(83.0,83.0,83.0)
USC00465875;(89.0,17.0,0.0)
USC00465963;(94.0,100.0,106.0)
USC00466163;(72.0,78.0,117.0)
USC00466284;(122.0,128.0,167.0)
USC00466442;(128.0,133.0,172.0)
USC00466867;(78.0,61.0,122.0)
USC00466952;(61.0,50.0,56.0)
USC00467018;(61.0,61.0,6.0)
USC00467372;(72.0,61.0,133.0)
USC00467649;(128.0,56.0,94.0)
USC00467743;(89.0,39.0,6.0)
USC00467785;(94.0,89.0,39.0)
USC00467852;(100.0,117.0,89.0)
USC00467918;(111.0,33.0,-22.0)
USC00468191;(100.0,94.0,78.0)
USC00468308;(72.0,106.0,83.0)
USC00468384;(94.0,111.0,106.0)
USC00468662;(89.0,78.0,44.0)
USC00468777;(61.0,39.0,-44.0)
USC00468986;(100.0,72.0,89.0)
USC00469458;(89.0,61.0,56.0)
USC00469522;(100.0,89.0,-28.0)
USC00470045;(72.0,106.0,139.0)
USC00470124;(39.0,17.0,94.0)
USC00470273;(44.0,50.0,17.0)
USC00470347;(17.0,100.0,50.0)
USC00470382;(33.0,17.0,17.0)
USC00470486;(44.0,33.0,56.0)
USC00470516;(72.0,11.0,-11.0)
USC00470645;(67.0,17.0,33.0)
USC00470652;(61.0,28.0,67.0)
USC00470696;(89.0,22.0,100.0)
USC00470904;(44.0,-6.0,33.0)
USC00471062;(61.0,39.0,50.0)
USC00471064;(61.0,106.0,89.0)
USC00471078;(156.0,122.0,22.0)
USC00471205;(78.0,111.0,83.0)
USC00471249;(11.0,-28.0,-50.0)
USC00471416;(94.0,61.0,78.0)
USC00471568;(-11.0,11.0,-6.0)
USC00471604;(11.0,-11.0,17.0)
USC00471605;(56.0,11.0,11.0)
USC00471667;(83.0,17.0,11.0)
USC00471923;(22.0,-11.0,22.0)
USC00472055;(33.0,-17.0,-39.0)
USC00472173;(39.0,22.0,39.0)
USC00472279;(56.0,0.0,-17.0)
USC00472826;(33.0,94.0,11.0)
USC00472842;(44.0,11.0,-6.0)
USC00472851;(33.0,22.0,39.0)
USC00472869;(89.0,72.0,6.0)
USC00472973;(50.0,44.0,44.0)
USC00473038;(72.0,139.0,156.0)
USC00473058;(67.0,94.0,117.0)
USC00473198;(6.0,-17.0,-22.0)
USC00473268;(50.0,44.0,22.0)
USC00473391;(61.0,61.0,94.0)
USC00473405;(150.0,100.0,50.0)
USC00473453;(50.0,22.0,11.0)
USC00473661;(61.0,17.0,11.0)
USC00473702;(50.0,61.0,61.0)
USC00473756;(83.0,111.0,72.0)
USC00473820;(89.0,117.0,139.0)
USC00473930;(72.0,33.0,22.0)
USC00474108;(150.0,194.0,94.0)
USC00474174;(50.0,28.0,-61.0)
USC00474195;(17.0,-50.0,-83.0)
USC00474391;(0.0,-17.0,-39.0)
USC00474546;(111.0,133.0,72.0)
USC00474582;(61.0,61.0,28.0)
USC00474790;(50.0,17.0,44.0)
USC00474937;(-44.0,-56.0,-56.0)
USC00474953;(-44.0,-33.0,-56.0)
USC00475096;(67.0,11.0,-22.0)
USC00475120;(33.0,-17.0,11.0)
USC00475164;(33.0,33.0,106.0)
USC00475178;(44.0,106.0,111.0)
USC00475255;(0.0,44.0,56.0)
USC00475474;(17.0,39.0,-11.0)
USC00475581;(83.0,44.0,39.0)
USC00475932;(56.0,11.0,11.0)
USC00476200;(139.0,56.0,44.0)
USC00476330;(78.0,-33.0,94.0)
USC00476357;(0.0,-6.0,-28.0)
USC00476380;(22.0,89.0,67.0)
USC00476398;(11.0,-6.0,-6.0)
USC00476420;(67.0,67.0,67.0)
USC00476827;(122.0,72.0,89.0)
USC00476922;(-6.0,-67.0,-50.0)
USC00477052;(22.0,39.0,28.0)
USC00477113;(33.0,56.0,50.0)
USC00477115;(-39.0,-17.0,-22.0)
USC00477132;(28.0,33.0,78.0)
USC00477148;(56.0,11.0,50.0)
USC00477209;(94.0,17.0,89.0)
USC00477464;(11.0,-139.0,-22.0)
USC00477576;(83.0,17.0,-6.0)
USC00477581;(61.0,-17.0,6.0)
USC00477708;(67.0,6.0,33.0)
USC00477796;(67.0,-17.0,50.0)
USC00477964;(33.0,67.0,78.0)
USC00477997;(28.0,78.0,144.0)
USC00478171;(61.0,50.0,50.0)
USC00478229;(67.0,50.0,11.0)
USC00478316;(11.0,11.0,72.0)
USC00478376;(44.0,11.0,-33.0)
